listing_id,high,medium,low
7142618,0.0120785,0.845403,0.142518
7210040,0.184826,0.42416,0.391013
7103890,0.0230524,0.260341,0.716607
7143442,0.00355378,0.129936,0.86651
6860601,0.0232522,0.111745,0.865003
6840081,0.000145076,0.0428827,0.956972
6922337,0.06426,0.318147,0.617593
6913616,0.00656954,0.933897,0.0595337
6937820,0.0287175,0.739374,0.231908
6893933,0.0505642,0.595149,0.354287
6832604,0.00059631,0.0201792,0.979225
6915282,0.0547942,0.299146,0.64606
7127565,0.0378593,0.152174,0.809967
6827899,0.00380046,0.0681587,0.928041
6934855,0.00011593,0.00978768,0.990096
6861826,0.00469199,0.161513,0.833795
6871643,0.0960781,0.557721,0.3462
6842542,0.000113992,0.0290834,0.970803
6934145,0.00579001,0.264924,0.729286
6829365,0.0233674,0.946745,0.0298877
7167858,0.0477009,0.246098,0.706201
6859483,0.00963885,0.0973057,0.893055
6861377,0.0420002,0.228152,0.729848
6848960,0.0922238,0.32527,0.582506
6918850,0.00700019,0.11347,0.87953
6916867,0.102307,0.858984,0.0387084
6895840,0.0123676,0.159254,0.828378
6813539,0.686642,0.293775,0.0195839
7116900,0.0355235,0.434176,0.5303
6890328,0.311008,0.135845,0.553147
6879406,0.222409,0.165027,0.612564
6824924,0.0213596,0.413337,0.565303
6911302,0.146173,0.114693,0.739134
6918742,0.139153,0.506487,0.35436
6910586,0.00394953,0.667712,0.328338
6821750,0.0221081,0.658871,0.319021
6860647,0.0367158,0.866062,0.0972219
6932873,0.029138,0.921612,0.0492497
6846053,0.00409362,0.056051,0.939855
6940365,0.0800637,0.51677,0.403166
6931867,0.0146285,0.0837836,0.901588
6876383,0.0132548,0.060373,0.926372
6910980,0.07552,0.708687,0.215793
6880877,0.535741,0.248217,0.216042
6839552,0.0700037,0.729129,0.200867
6838051,0.121637,0.849371,0.0289921
6928201,0.214811,0.628671,0.156517
6945608,0.0771301,0.280632,0.642238
6816147,0.0873589,0.199394,0.713247
6868129,0.0327425,0.388131,0.579127
6849448,0.056647,0.253657,0.689696
7113677,0.389208,0.485081,0.125711
6930856,0.0412834,0.495051,0.463666
6889594,0.364285,0.323128,0.312586
6842682,0.00171993,0.065571,0.932709
6880366,0.00834908,0.914944,0.0767067
6835063,0.00214427,0.239601,0.758254
6820479,0.0978385,0.799118,0.103044
6882057,0.00269382,0.110324,0.886982
6834440,0.0740047,0.611618,0.314378
6880846,0.000525306,0.106365,0.89311
6847248,0.00034372,0.00953909,0.990117
6868368,0.000321004,0.00194798,0.997731
6943505,0.00766621,0.154813,0.837521
7174304,0.0265328,0.124927,0.84854
6880747,0.0164442,0.190984,0.792571
6933565,0.00845098,0.191027,0.800522
6888511,0.000391003,0.00524295,0.994366
6942704,0.12974,0.612752,0.257509
6840304,0.0544508,0.228305,0.717244
6856860,0.000885092,0.0972133,0.901902
6884921,0.00302641,0.181459,0.815515
6937417,0.000541383,0.00727627,0.992182
6831129,0.000403449,0.125131,0.874465
6936660,0.0867766,0.385473,0.52775
6940667,0.0336587,0.140983,0.825358
7201307,1.80413e-05,0.00423587,0.995746
6825434,0.00788262,0.108356,0.883761
6848114,0.0511898,0.070086,0.878724
6947758,0.530739,0.384391,0.0848701
6897002,0.0402239,0.746411,0.213365
6926661,0.00010674,0.0167255,0.983168
6867411,0.076975,0.376642,0.546383
6910154,0.0114827,0.691575,0.296942
7157900,0.0395495,0.331514,0.628937
6922324,0.036337,0.573887,0.389776
6863068,0.0027083,0.805503,0.191789
6912109,0.0187298,0.566098,0.415172
6918609,0.086136,0.330573,0.583291
6889300,0.138539,0.578134,0.283327
6837794,0.0449825,0.63084,0.324178
6943098,0.404386,0.334479,0.261135
6927601,0.159967,0.147568,0.692465
6897826,0.00329347,0.0671402,0.929566
6882892,0.00209061,0.0517497,0.94616
6873384,0.181258,0.729377,0.0893644
6934693,0.00530355,0.413028,0.581669
7224450,0.0319121,0.226581,0.741507
6898157,0.00110653,0.0090401,0.989853
6837355,0.000377583,0.0129716,0.986651
6830595,0.063253,0.435388,0.501359
6943561,0.226923,0.658383,0.114695
6844380,0.277943,0.43497,0.287087
6814286,0.0175806,0.129167,0.853253
6898520,0.222211,0.495756,0.282032
6940979,0.0977321,0.840195,0.0620727
6851090,0.0207686,0.118554,0.860677
7107169,0.0237279,0.149543,0.826729
6830287,0.02638,0.340309,0.633311
6933575,0.0954037,0.524347,0.380249
6938972,0.156376,0.515753,0.327871
6888315,0.000113805,0.0162142,0.983672
6855106,0.0107179,0.821616,0.167667
6838237,0.0511572,0.945587,0.00325636
6901024,0.166773,0.197474,0.635752
6846627,0.00390654,0.0272555,0.968838
7219857,0.000422585,0.0156601,0.983917
6852685,0.0282301,0.683577,0.288193
6831610,0.0152258,0.397566,0.587208
6943538,0.0569165,0.494798,0.448286
6911637,0.000264279,0.0728214,0.926914
6854543,0.0126041,0.0461508,0.941245
6940451,0.0738244,0.445878,0.480298
6819530,0.0511884,0.213168,0.735644
7093396,0.00569565,0.162768,0.831536
6840326,0.00221557,0.0723372,0.925447
6834204,0.00377834,0.0266659,0.969556
6902518,0.0331854,0.797879,0.168936
6930253,0.0395163,0.331205,0.629279
6828293,0.000287702,0.0359224,0.96379
7203744,0.746608,0.251125,0.0022665
6816478,0.0395859,0.862396,0.0980182
6868890,0.0109087,0.208599,0.780493
6879338,0.0590871,0.589948,0.350965
6898532,0.0293424,0.226989,0.743668
6899965,0.00477078,0.326772,0.668457
7133875,0.000197943,0.00964998,0.990152
6822218,0.0104642,0.0773804,0.912155
6814018,0.136956,0.489077,0.373967
6896376,0.0867646,0.453855,0.45938
6918670,0.0516379,0.403141,0.545221
6867839,0.000820256,0.0164457,0.982734
6823554,0.000156778,0.00311255,0.996731
6934798,0.00948531,0.431942,0.558573
6820823,0.212587,0.437044,0.350369
6880212,0.00896469,0.221002,0.770034
6934814,0.00636687,0.0859537,0.907679
7254134,0.0117582,0.0353298,0.952912
6938303,0.0673022,0.910406,0.0222919
6813807,0.0431482,0.628865,0.327986
6878604,0.0170316,0.000398512,0.98257
6876763,0.00165154,0.0438263,0.954522
6844352,0.00378024,0.127316,0.868903
6915939,0.107223,0.425532,0.467245
7109370,0.0230402,0.361671,0.615288
6855445,0.00954004,0.0584219,0.932038
6818668,0.0385893,0.286143,0.675268
6836527,5.25732e-05,0.0101918,0.989756
6831717,0.0229181,0.354577,0.622505
6937162,0.0557154,0.162623,0.781661
6922876,0.00437067,0.0520888,0.943541
7109482,0.045201,0.676367,0.278432
6940972,0.0480635,0.336881,0.615055
6883790,0.0283102,0.514294,0.457396
6921643,0.0182464,0.156224,0.825529
6935700,0.000261807,0.00998713,0.989751
6827025,0.00293867,0.234872,0.762189
6943096,0.0165098,0.675275,0.308215
7161468,0.00568343,0.0912893,0.903027
6879610,0.00327906,0.163093,0.833628
6935762,0.0888257,0.412121,0.499053
6925042,0.0232022,0.188433,0.788364
7121050,0.0162881,0.413486,0.570226
6821601,0.0688974,0.190706,0.740396
6926810,0.00346698,0.0690635,0.927469
6946532,0.00456854,0.217183,0.778248
6875171,0.0108618,0.842331,0.146807
7096285,0.00784431,0.490875,0.501281
6812321,0.014532,0.251281,0.734187
6822697,0.110989,0.238651,0.65036
6941294,0.0108684,0.16144,0.827692
6873564,0.00287614,0.000266892,0.996857
6926791,0.017864,0.317576,0.66456
7142444,0.538243,0.360211,0.101546
6878128,0.135711,0.855919,0.00836957
6927428,0.0072643,0.0498972,0.942839
6812674,0.000177841,0.00270506,0.997117
6881774,0.171139,0.571702,0.257158
7167797,0.00118899,0.00906881,0.989742
6865238,0.0432571,0.65468,0.302063
6841710,0.0623499,0.33483,0.60282
6856334,0.00640669,0.0149898,0.978604
6906462,0.000467032,0.0203635,0.979169
6837438,0.0716793,0.37542,0.5529
6908277,0.0898661,0.341649,0.568485
6841291,0.00196422,0.789054,0.208982
6915178,0.100471,0.322481,0.577049
6893031,0.118011,0.587,0.294989
6894985,0.181405,0.644325,0.17427
6931134,0.0474533,0.371109,0.581437
6872264,0.373837,0.349437,0.276725
6816953,0.0552555,0.74907,0.195674
7163518,0.180443,0.699521,0.120036
6893253,0.0277177,0.202976,0.769306
6943822,0.0319757,0.0703282,0.897696
6946313,0.0328177,0.711055,0.256127
6839443,0.00731331,0.0867136,0.905973
6911338,0.0159933,0.236562,0.747444
7223877,0.419106,0.509063,0.0718311
6917884,0.0122627,0.789285,0.198453
6823126,0.000875137,0.030922,0.968203
6939488,0.0379152,0.284006,0.678079
7196924,0.0282128,0.173902,0.797885
6905685,0.0174437,0.21259,0.769966
6894092,0.00203419,0.0433953,0.95457
6812181,0.00605948,0.419671,0.57427
6854610,0.0308112,0.932343,0.0368453
6873754,0.180225,0.236176,0.583599
6859181,0.668919,0.324115,0.00696681
6825402,0.000105291,0.0222484,0.977646
6819526,0.00267575,0.0476365,0.949688
6896065,0.000258467,0.013009,0.986733
6931793,0.0177686,0.229153,0.753078
6907360,0.00816486,0.0481565,0.943679
6813182,0.0105666,0.0851419,0.904291
6823959,0.00413204,0.0990425,0.896825
6942189,0.410097,0.378275,0.211627
6844384,0.0507029,0.248984,0.700314
6836888,0.444384,0.414534,0.141082
6917844,0.010797,0.142365,0.846838
6937842,0.190895,0.749801,0.0593045
6926917,0.0106051,0.176468,0.812927
7160740,0.0266301,0.869542,0.103828
6936310,0.0219395,0.336461,0.641599
6849109,0.0651632,0.783793,0.151044
6831018,1.66231e-05,0.000891208,0.999092
6909842,0.00146963,0.0162605,0.98227
6861360,0.00089119,0.0192883,0.979821
6883414,0.0309555,0.316457,0.652587
6876026,0.117631,0.820349,0.0620197
7095390,0.000302293,0.106703,0.892995
6932265,0.594679,0.341016,0.0643053
6870949,0.0461371,0.310093,0.64377
6831335,0.00733195,0.117054,0.875614
6895698,0.145542,0.40162,0.452839
6889889,0.0366164,0.927637,0.0357468
6876679,0.00537567,0.0813628,0.913261
6947097,0.113828,0.235062,0.651109
6874970,0.0213469,0.15282,0.825833
6831069,0.205049,0.752095,0.0428557
6833628,0.0116868,0.334749,0.653565
6819282,0.0792975,0.339972,0.580731
6825025,0.00762911,0.336286,0.656085
6856513,0.0686175,0.416429,0.514954
6928711,0.00016177,0.0166355,0.983203
6832548,0.0159509,0.737562,0.246487
6881870,0.00713002,0.311541,0.681329
6866978,0.311627,0.44082,0.247553
7163400,0.373592,0.493863,0.132545
6917187,0.109644,0.843329,0.0470276
6927475,0.0200131,0.410286,0.569701
6903243,0.0328061,0.398246,0.568948
6876188,0.00511912,0.253438,0.741443
6922219,0.00846444,0.344419,0.647117
7104085,0.000556864,0.112928,0.886515
6920897,0.51766,0.417603,0.064737
6812177,0.0117061,0.502657,0.485637
6941047,0.0317413,0.762141,0.206118
6827609,0.00152249,0.282096,0.716381
6934328,0.00100578,0.0407495,0.958245
6937556,0.411735,0.551209,0.0370565
6879765,0.180945,0.676978,0.142077
6942927,0.00217606,0.0180574,0.979766
6945170,0.16482,0.470408,0.364772
6901915,0.00481422,0.206088,0.789098
6824475,0.00609784,0.150715,0.843187
6832968,0.00660791,0.538034,0.455358
7166718,0.000523111,0.0194418,0.980035
6905079,0.019457,0.226125,0.754418
6940297,0.39031,0.454273,0.155418
6911080,0.0395067,0.820819,0.139675
6917208,0.00810603,0.330862,0.661032
6858925,0.0367373,0.398947,0.564316
7169883,0.244301,0.458422,0.297276
6944112,0.303581,0.631935,0.0644833
6885816,0.0130112,0.195119,0.79187
6837733,0.0116143,0.618346,0.370039
6828658,0.0336863,0.179068,0.787245
6839429,0.015647,0.742654,0.241699
7164794,0.0098589,0.191324,0.798818
6837661,0.101816,0.245672,0.652512
6883255,0.0132254,0.105098,0.881676
6833054,0.0345848,0.322602,0.642814
7675463,0.0192621,0.135934,0.844804
6871526,0.188275,0.42349,0.388235
6876295,0.0123363,0.365191,0.622473
7204045,0.000339623,0.0266807,0.97298
6840357,0.0693906,0.44766,0.482949
6917531,0.000291996,0.124622,0.875086
6886057,0.0774545,0.9171,0.00544567
6833734,0.018407,0.522382,0.459211
6908098,0.0613695,0.618375,0.320256
6860562,0.0211585,0.352002,0.62684
6859167,0.226556,0.475412,0.298032
6812141,0.00128402,0.0917575,0.906959
6919431,0.00184103,0.184208,0.81395
6869389,0.00772099,0.348207,0.644072
6906034,0.00240127,0.059799,0.9378
7108495,0.000457672,0.0868716,0.912671
6864681,0.00157652,0.0704777,0.927946
6893982,0.00504865,0.127438,0.867514
6862160,0.0161191,0.487623,0.496258
6854804,0.0277596,0.421307,0.550934
7143164,0.0136668,0.279997,0.706337
6936651,0.0278406,0.115964,0.856195
6837450,0.0141156,0.195222,0.790663
6908259,0.992101,0.00767022,0.00022856
6916539,0.00982969,0.114437,0.875734
6947176,0.0364746,0.294665,0.66886
6933958,0.387281,0.404031,0.208688
6816549,0.260989,0.446446,0.292565
6876117,0.00220002,0.0557268,0.942073
6848605,0.0149637,0.774341,0.210696
6840659,0.0204438,0.213629,0.765927
6823496,0.350977,0.166365,0.482658
6912609,1.24311e-05,0.000424697,0.999563
7097937,0.00383027,0.0362083,0.959961
6924524,0.0440215,0.154571,0.801407
6938236,0.0329485,0.401136,0.565916
6865751,0.00269718,0.0287691,0.968534
6936323,0.010959,0.112165,0.876876
6868422,0.0805076,0.219361,0.700131
7210133,0.00632214,0.297953,0.695725
7215631,0.0144273,0.57317,0.412403
6940189,0.00483037,0.197739,0.79743
6888941,4.89456e-05,0.0101208,0.98983
6831598,0.0996562,0.591141,0.309203
6939963,0.00403269,0.0364047,0.959563
6897175,0.434611,0.311201,0.254188
6816167,0.0201397,0.198643,0.781217
6812965,0.0323584,0.269541,0.698101
7149372,0.229803,0.710195,0.060002
6875959,0.00119191,0.0260101,0.972798
6925644,0.0504149,0.651256,0.29833
6874269,0.00755372,0.962048,0.0303981
6814721,0.0158571,0.152005,0.832137
6922432,0.0571564,0.302377,0.640466
6858861,0.00739881,0.0629537,0.929648
6835339,2.52539e-05,0.00146699,0.998508
6896997,0.0425308,0.921707,0.0357621
6921134,0.0022792,0.0628704,0.93485
6883685,0.26766,0.607556,0.124784
6911406,0.000229666,0.00198381,0.997787
6825733,0.537003,0.443765,0.0192328
6884462,0.347146,0.441494,0.21136
6858682,0.00372484,0.127211,0.869064
6894013,0.0580456,0.631795,0.310159
6856391,0.252652,0.449141,0.298207
6828064,0.000627468,0.0134492,0.985923
6817336,0.00017831,0.013158,0.986664
6819178,0.0890972,0.242363,0.66854
7147339,0.0810186,0.272753,0.646228
6887757,0.188333,0.723023,0.0886447
6946859,0.114419,0.396344,0.489237
6855963,0.0203943,0.183487,0.796119
6839828,0.150846,0.425064,0.42409
6870806,0.113962,0.279967,0.606071
6880221,0.172962,0.410543,0.416496
6921809,0.0360394,0.61983,0.344131
6897069,0.0294006,0.244512,0.726088
6897157,0.249248,0.438523,0.312229
6898912,0.00177957,0.0614886,0.936732
6856271,0.00474917,0.548897,0.446354
6888381,0.000129329,0.00230644,0.997564
7099191,0.000322888,0.0719453,0.927732
6917882,0.35591,0.417745,0.226345
6931260,1.86858e-06,0.00156925,0.998429
6849996,0.0185036,0.433594,0.547903
6887973,0.109156,0.396404,0.49444
6850205,0.322451,0.453485,0.224065
6845657,0.0146926,0.186707,0.7986
6930302,0.0750898,0.246528,0.678382
6852391,0.0126944,0.566578,0.420728
6920411,0.0620172,0.783952,0.154031
6907999,0.00697097,0.130971,0.862058
6864094,0.0104589,0.0949772,0.894564
6813852,0.0161052,0.257476,0.726419
7232295,0.119082,0.670028,0.210891
6896558,0.0560867,0.381589,0.562324
6858919,0.108966,0.266586,0.624448
6847828,0.00557085,0.123658,0.870771
6925116,0.0618909,0.244927,0.693182
6854687,0.0171956,0.604767,0.378038
6946415,0.0319354,0.740587,0.227478
6827859,7.63239e-05,0.0350388,0.964885
6884313,0.206394,0.526466,0.26714
6848651,0.00994315,0.230145,0.759912
7136298,0.0111336,0.314473,0.674393
6874534,0.0792939,0.195088,0.725618
6908942,0.563467,0.293752,0.14278
6894718,0.000872008,0.458166,0.540962
6876449,0.132691,0.26248,0.604829
6825630,0.0723782,0.289121,0.638501
7155655,0.0027869,0.176796,0.820417
7201310,0.00582199,0.0817244,0.912454
6864334,0.0112825,0.245486,0.743232
6876658,0.00535631,0.0901502,0.904493
6842370,0.025826,0.548144,0.42603
6835467,0.605878,0.330039,0.0640825
7227368,0.082166,0.401106,0.516728
6859482,0.00630496,0.2673,0.726395
6878641,0.0230283,0.352881,0.624091
6869916,9.77074e-06,0.00135608,0.998634
6841060,0.0139426,0.195179,0.790878
6887832,0.0184796,0.0654229,0.916097
6905898,0.00325419,0.0987764,0.897969
7104742,0.111281,0.834021,0.0546973
6948090,0.0146937,0.258117,0.727189
6839851,0.0517078,0.476895,0.471397
6934051,0.00734643,0.0610772,0.931576
6888727,0.248206,0.571713,0.180081
7167478,0.00254345,0.212393,0.785064
6892109,0.150753,0.573484,0.275763
6908544,0.806719,0.150475,0.0428062
6921725,0.0817555,0.331816,0.586428
6932343,0.0994936,0.497879,0.402627
6914309,0.00620281,0.0433595,0.950438
6919805,0.0347564,0.620576,0.344667
6947828,0.0175102,0.190911,0.791578
6920362,0.0432588,0.394676,0.562066
7110179,0.571157,0.31093,0.117913
6877834,0.50683,0.201449,0.291721
6876966,0.0941139,0.34185,0.564036
6823918,0.0134755,0.152781,0.833744
6871243,0.00310952,0.0902142,0.906676
6928189,0.0214421,0.914295,0.0642633
6852455,0.232037,0.352582,0.415381
7208631,0.00959987,0.177037,0.813363
6831811,0.14515,0.4696,0.385249
6904276,0.000104922,0.00590987,0.993985
6831589,0.0367434,0.204469,0.758788
6901814,0.00261051,0.832018,0.165371
6854667,0.271456,0.721471,0.00707249
7192650,0.000549878,0.199657,0.799793
6836299,0.00376236,0.164618,0.83162
6887919,0.00301401,0.748214,0.248772
6927679,0.0326811,0.249028,0.718291
6855908,0.0408769,0.222128,0.736995
6854766,0.0128745,0.126523,0.860603
6847472,0.0286935,0.40796,0.563347
6862519,0.117922,0.504451,0.377627
6938819,0.0789698,0.245269,0.675761
6945434,0.211351,0.320712,0.467937
6832722,0.632767,0.136299,0.230933
6852707,0.0107399,0.674556,0.314704
7177680,0.0381548,0.485543,0.476302
6834945,0.000571865,0.00129204,0.998136
6890316,0.012137,0.252395,0.735468
6816620,0.000191279,0.014936,0.984873
6945175,0.0019433,0.0578505,0.940206
6914016,0.00221697,0.0713682,0.926415
6852619,0.0321761,0.189221,0.778603
6813211,0.116521,0.212022,0.671457
6820546,0.0126913,0.160696,0.826612
6836128,0.00557168,0.098033,0.896395
6850557,0.0236984,0.936349,0.0399525
6864997,0.00440238,0.00789568,0.987702
6883705,0.0425133,0.0921604,0.865326
6898767,0.00149931,0.0190846,0.979416
6866020,0.0277061,0.719465,0.252829
7126382,0.159068,0.702271,0.138661
6847427,0.13154,0.453555,0.414905
6841013,0.010926,0.0472354,0.941839
6909469,0.000357746,0.0155884,0.984054
6922473,0.00388469,0.103497,0.892618
6925906,0.142607,0.348239,0.509155
6946014,0.0291391,0.814782,0.156079
6820739,0.014249,0.25608,0.729671
6927559,0.167264,0.72936,0.103376
7174772,0.000538355,0.0127324,0.986729
6931036,0.0167427,0.272305,0.710953
6918163,0.0258179,0.254327,0.719855
6893604,0.674638,0.249091,0.0762718
6868844,0.0806892,0.512351,0.406959
6814537,0.39149,0.498136,0.110374
6916118,0.000406928,0.00534724,0.994246
6838509,0.175197,0.371355,0.453448
6919725,0.0647338,0.706266,0.229
6932476,8.1379e-05,0.00346348,0.996455
6860496,0.073524,0.294695,0.631781
7156799,0.235111,0.48185,0.283039
6837521,0.0582757,0.15084,0.790884
6913204,0.0447856,0.364925,0.59029
6947516,0.0328691,0.335921,0.63121
6838117,0.00583776,0.153231,0.840931
6933366,0.00284252,0.258849,0.738308
7134198,0.00747852,0.174354,0.818168
6898450,0.00902735,0.483773,0.5072
6819926,0.0881127,0.438163,0.473724
6947698,0.0511092,0.111379,0.837512
6838721,0.00134459,0.0139763,0.984679
6936661,0.237842,0.351769,0.41039
6912257,0.0493903,0.372854,0.577755
6905569,0.00140367,0.0402316,0.958365
6927167,0.138718,0.403215,0.458066
7150689,0.00376819,0.0209984,0.975233
6820358,0.0231674,0.314073,0.662759
6945045,0.160082,0.639532,0.200386
6866884,0.0372703,0.660445,0.302285
6820658,0.080536,0.104778,0.814686
6826462,0.00476636,0.804444,0.190789
6932390,0.00980126,0.206534,0.783665
6905031,0.112505,0.483815,0.403681
6923011,0.00130267,0.0809293,0.917768
6908504,0.192792,0.351742,0.455467
6881050,0.0794014,0.41094,0.509659
6892968,0.00693083,0.0502118,0.942857
7346996,0.102596,0.43956,0.457845
6876206,0.0248414,0.195737,0.779422
6813475,0.0273687,0.934843,0.037788
7190057,0.0360915,0.0794507,0.884458
6838465,0.231443,0.624973,0.143584
6899364,0.0839915,0.260463,0.655545
6891616,1.21551e-05,0.00585358,0.994134
6836715,0.00190357,0.0742195,0.923877
6829616,0.0223681,0.124205,0.853427
6829144,0.0384109,0.755709,0.20588
6893064,0.0114057,0.12997,0.858625
6861300,0.00115349,0.0646281,0.934218
6926847,0.0475152,0.600978,0.351507
6894021,0.00731621,0.554514,0.438169
6897946,0.0202754,0.0668652,0.912859
6835716,0.00203978,0.826608,0.171353
6832160,0.403828,0.411431,0.184741
6835291,0.0571704,0.221231,0.721598
6945184,0.000201023,0.0266313,0.973168
7140488,0.0848229,0.285161,0.630016
6937850,0.00254539,0.969214,0.0282402
6899603,0.00441805,0.231485,0.764097
6903105,0.0693956,0.147257,0.783347
6828476,0.024182,0.654543,0.321275
6835098,0.000703287,0.0531135,0.946183
6830512,0.0979946,0.288589,0.613416
6879997,0.0674054,0.124008,0.808587
7131517,0.00677322,0.807012,0.186215
6835955,0.154751,0.739733,0.105516
6875250,0.0327137,0.106256,0.86103
6932794,0.088257,0.107515,0.804228
6948263,0.0393702,0.0724131,0.888217
6867201,0.252723,0.652161,0.0951165
6882748,0.0597688,0.29707,0.643161
6902842,0.0387598,0.951957,0.00928294
6847535,0.00815752,0.469761,0.522081
6825267,0.0108379,0.116982,0.87218
6909277,4.68378e-05,0.00925963,0.990694
7152429,0.0430722,0.704154,0.252774
6931179,0.000342666,0.0108226,0.988835
6896746,0.0996321,0.864586,0.035782
6937073,0.00279079,0.110168,0.887041
6934627,0.000169372,0.0138653,0.985965
6887878,0.0965439,0.431146,0.47231
6921531,0.0386979,0.237102,0.7242
6897461,0.00172955,0.604829,0.393441
6862066,0.0257686,0.188709,0.785522
6851531,0.0107032,0.461162,0.528135
6928550,0.0140104,0.0698841,0.916106
6945851,0.040107,0.60652,0.353373
6946955,0.00168829,0.029463,0.968849
6869136,0.0150135,0.742777,0.242209
6908667,0.0127975,0.627082,0.360121
6820525,0.0149669,0.26518,0.719853
6887970,0.101535,0.383029,0.515435
6848365,0.014186,0.287503,0.698311
6816173,0.0155389,0.0894127,0.895048
6900732,0.000387646,0.0078096,0.991803
6815786,0.0524985,0.329906,0.617596
6945972,0.0364804,0.330003,0.633517
6848445,0.0115623,0.326476,0.661962
6856486,0.0897789,0.229221,0.681
6867010,0.00833171,0.458768,0.5329
6828257,0.553431,0.238293,0.208276
6871807,0.0180908,0.363587,0.618322
7212966,1.11273e-05,0.000759979,0.999229
6889959,0.0049431,0.108534,0.886523
6915510,0.0044892,0.170991,0.82452
6905402,0.00761083,0.706389,0.286
6826100,0.0154652,0.397062,0.587473
6848893,0.0242013,0.193502,0.782297
7155647,0.0503625,0.190033,0.759604
6812883,0.216589,0.590171,0.19324
6866095,0.00119473,0.054108,0.944697
6931127,0.00222172,0.0240302,0.973748
6829407,0.0045485,0.240316,0.755136
6867548,0.108441,0.526739,0.36482
7132575,0.0875422,0.572122,0.340336
6890847,0.00879928,0.0938926,0.897308
6916429,0.0107878,0.179856,0.809356
6884716,0.732218,0.257494,0.0102877
6896897,0.262655,0.327347,0.409998
6941572,0.0203574,0.149941,0.829701
6945277,0.103091,0.518636,0.378272
7133293,0.00387445,0.283212,0.712913
7213385,0.000386335,0.0175381,0.982076
6831928,0.0600611,0.382705,0.557234
6932687,0.0099291,0.332887,0.657183
6873877,0.00906126,0.477914,0.513025
7135459,0.227268,0.550802,0.221931
6876620,0.00216585,0.0422062,0.955628
6936163,0.000914491,0.195208,0.803878
6912398,0.0268679,0.163123,0.81001
6917655,0.00982457,0.792859,0.197317
6941149,0.0100278,0.170884,0.819088
6941378,0.0409015,0.635343,0.323756
6882453,0.0116098,0.0697578,0.918632
7119160,0.0154257,0.107884,0.87669
6868451,0.0539458,0.342725,0.603329
6945881,0.0177732,0.289911,0.692316
6822541,9.30017e-06,0.00104631,0.998944
6884355,0.124977,0.265403,0.60962
7132247,0.0441609,0.356104,0.599735
6872049,0.0494157,0.50366,0.446925
6890740,0.00344029,0.064718,0.931842
6840897,0.0520795,0.619287,0.328633
6847694,0.0174511,0.817401,0.165148
6938196,0.00248378,0.183628,0.813888
6939526,0.110001,0.214992,0.675008
6917529,0.00103369,0.0115927,0.987374
6885636,0.00289051,0.0326469,0.964463
7202614,0.000420544,0.060781,0.938799
6926453,0.0132718,0.558915,0.427813
6844636,0.134196,0.504462,0.361342
6879293,0.473497,0.34612,0.180383
6924780,0.173128,0.754949,0.0719233
6881024,0.0919232,0.563861,0.344216
6851374,0.112167,0.38853,0.499303
6850953,0.0258514,0.0835822,0.890566
6892292,0.000186974,0.0847938,0.915019
6886159,0.00200759,0.0632574,0.934735
6849877,0.0911508,0.504949,0.4039
6940840,0.0408731,0.154981,0.804146
6926838,0.0491755,0.545292,0.405532
6879243,0.685472,0.254215,0.0603133
6944286,0.0014963,0.0945873,0.903916
6915587,0.499301,0.405604,0.0950942
6881904,0.111837,0.272939,0.615224
7154358,0.0186369,0.0261074,0.955256
6899258,0.0508594,0.296085,0.653055
6855460,0.0360957,0.746923,0.216982
6864884,0.0337458,0.158513,0.807741
6868209,0.062316,0.49679,0.440894
6853834,0.0685181,0.306071,0.625411
7210020,0.00442163,0.873285,0.122293
6933228,0.0282553,0.140288,0.831456
6929227,0.0233511,0.153681,0.822968
7192346,0.0369585,0.18561,0.777432
6928834,0.000409335,0.0143211,0.98527
6812269,0.00545044,0.0628871,0.931662
6851446,0.0218699,0.136243,0.841887
6930820,0.000568631,0.0280826,0.971349
6875310,0.0199816,0.539582,0.440436
6932397,0.0292706,0.414263,0.556467
6904291,0.000359236,0.0517837,0.947857
6921642,0.102685,0.71503,0.182286
7136057,0.097325,0.290146,0.612529
6920815,0.00447474,0.0794751,0.91605
6861757,0.13217,0.729063,0.138766
6934222,0.328528,0.496173,0.175299
6946448,0.00805164,0.0646183,0.92733
6890569,0.184151,0.543807,0.272043
6884477,0.0704334,0.392042,0.537524
7145006,0.000241619,0.0199105,0.979848
6893718,0.000198468,0.0206464,0.979155
6893330,0.0676123,0.249541,0.682847
6901780,3.5458e-05,0.00377182,0.996193
6815738,0.0912635,0.454491,0.454245
6917209,0.0134745,0.142168,0.844357
6904227,0.000592712,0.0120738,0.987333
6894402,1.76273e-05,0.00347385,0.996509
7146083,0.0115301,0.219885,0.768584
6902153,0.005366,0.485152,0.509481
6925988,0.034414,0.409096,0.55649
6881323,5.66126e-05,0.00184032,0.998103
6937405,0.416955,0.0722042,0.510841
7098390,0.1453,0.28458,0.57012
6935942,0.397606,0.462794,0.1396
6833510,0.0542895,0.584626,0.361084
6812857,0.215476,0.392022,0.392502
6828441,0.222038,0.377339,0.400624
6915711,0.128748,0.668145,0.203108
6880643,0.179665,0.768802,0.0515328
7224930,0.056376,0.480781,0.462843
6852614,0.00104598,0.00807032,0.990884
6853816,0.0198133,0.179874,0.800312
6811964,0.431823,0.4043,0.163877
6847800,0.00393359,0.132036,0.86403
6859897,0.0137182,0.916182,0.0700995
6882929,0.000593417,0.013247,0.98616
7157584,0.00142807,0.029411,0.969161
6863444,0.00353561,0.0359865,0.960478
6836902,0.000226893,0.0249321,0.974841
6918960,0.298993,0.483992,0.217016
6882854,0.0488763,0.367787,0.583337
6822755,0.000118097,0.00701956,0.992862
6815184,0.0588674,0.428425,0.512707
6846582,0.0680018,0.171087,0.760912
6940309,0.0219441,0.103735,0.874321
6924056,0.012234,0.167266,0.8205
6824481,0.00217143,0.127958,0.869871
6839735,0.0111433,0.0910957,0.897761
6900130,0.0386785,0.358715,0.602606
6946739,0.00163439,0.0321378,0.966228
7144008,0.0157879,0.036017,0.948195
6863751,0.00211681,0.00685376,0.991029
6820293,0.0517437,0.393034,0.555222
6818472,0.00349646,0.134867,0.861637
6832420,0.0977183,0.151411,0.75087
6879450,4.32954e-05,0.0170004,0.982956
6943618,0.0655025,0.26087,0.673627
6883463,0.0123593,0.119871,0.86777
6834919,0.170983,0.813612,0.0154045
7505696,0.0123732,0.173291,0.814336
6903645,0.00873015,0.108164,0.883106
6831148,0.234052,0.403136,0.362812
6828948,0.0334554,0.909634,0.0569108
6878495,0.0114734,0.146648,0.841879
6924862,0.0010109,0.26297,0.736019
6887802,0.00390785,0.159385,0.836708
6903228,0.356353,0.63011,0.013537
6947415,0.000325385,0.00909962,0.990575
6941508,0.163153,0.457736,0.379112
6856111,0.016428,0.434787,0.548785
7126808,0.00156232,0.130553,0.867884
6939857,0.00171911,0.167897,0.830384
6822528,0.775397,0.0520521,0.172551
6947631,0.0528769,0.625241,0.321882
6887810,0.00127205,0.0236656,0.975062
6849210,0.0671514,0.373559,0.55929
6901742,7.30551e-05,0.0453971,0.95453
6850925,0.182717,0.795609,0.0216743
7181995,0.0203727,0.177793,0.801835
6841559,0.000245279,0.0044305,0.995324
6822957,0.00490976,0.0388301,0.95626
6943349,0.0458056,0.43819,0.516004
6923825,0.0763877,0.237628,0.685984
6871218,0.181986,0.771806,0.0462078
6932761,0.189873,0.729527,0.0805999
7168983,0.0305805,0.49594,0.473479
6853713,0.0826836,0.658284,0.259032
6814124,0.0229537,0.460985,0.516062
6828980,0.000357968,0.032101,0.967541
6939747,0.0247079,0.307482,0.66781
6862615,0.0221708,0.901107,0.0767219
6911182,0.00961669,0.159754,0.830629
6947421,0.129831,0.13451,0.73566
7163662,0.000519181,0.0027682,0.996713
6933362,0.0929522,0.477037,0.43001
6822086,0.0293202,0.291145,0.679535
6939543,0.137042,0.796502,0.0664561
6882675,0.076044,0.533987,0.389969
6925986,0.00113075,0.0494014,0.949468
6927417,0.123346,0.536526,0.340127
6824119,0.203811,0.353679,0.442509
6923589,0.086141,0.64561,0.268249
7205380,3.07211e-05,0.00661081,0.993358
6904992,0.0679083,0.428654,0.503437
6857676,0.0885109,0.385121,0.526368
6942001,0.236479,0.674314,0.0892064
7187800,0.00188504,0.0806516,0.917463
6877985,0.0121695,0.940612,0.0472184
6821414,0.0299743,0.152486,0.81754
6864512,0.00458167,0.124365,0.871053
6827448,0.00498477,0.580583,0.414432
6908603,0.00736693,0.05735,0.935283
7229431,0.00439999,0.300654,0.694946
6887335,0.00281323,0.0618649,0.935322
6882828,0.114155,0.502849,0.382996
6899958,0.0118687,0.207206,0.780926
6824008,0.0176615,0.457353,0.524985
6903906,0.0479718,0.558175,0.393853
7115894,0.136843,0.661454,0.201703
6941723,0.0344291,0.275226,0.690345
6839785,0.055729,0.410868,0.533403
6886776,0.00190431,0.172405,0.825691
6916643,0.000839354,0.0274369,0.971724
6913846,0.0057467,0.559198,0.435055
6890122,0.0141602,0.231519,0.754321
6835099,0.00111075,0.0193825,0.979507
6945428,0.0942236,0.503103,0.402673
6887669,0.00385418,0.33745,0.658696
6935132,0.000379643,0.00231457,0.997306
6857587,0.0174739,0.0759706,0.906555
6935498,0.0498931,0.371306,0.578801
6947868,0.177749,0.633596,0.188655
6850003,0.0830437,0.704504,0.212452
6852354,0.162434,0.211109,0.626457
6919832,0.0168688,0.240331,0.7428
6812510,0.00259953,0.203148,0.794253
6896715,0.268014,0.470146,0.26184
7227507,0.0104717,0.428749,0.560779
6887453,0.00966356,0.255622,0.734715
6921056,0.00934348,0.186163,0.804494
6932635,0.297685,0.514373,0.187942
6893393,0.00877573,0.0826282,0.908596
6940659,0.0183626,0.232141,0.749496
6891517,0.000892818,0.0950359,0.904071
6818991,0.0106202,0.207553,0.781827
6899307,0.0636156,0.630848,0.305536
7175517,0.00634467,0.101569,0.892086
6895415,0.0240872,0.533213,0.442699
6945124,0.0161665,0.210064,0.77377
6878796,0.025231,0.347318,0.627451
6901435,0.0673307,0.508205,0.424465
7098987,0.166953,0.506039,0.327007
6868925,0.111447,0.386588,0.501965
6862452,0.24043,0.716534,0.043036
6904865,0.00190624,0.164337,0.833757
6872445,0.0678321,0.710959,0.221209
6816856,0.0426514,0.157187,0.800161
6910410,5.28849e-05,0.0237027,0.976244
6847518,0.0366345,0.785705,0.17766
6860992,0.0134544,0.357151,0.629395
7093387,0.00677436,0.481098,0.512127
6891540,0.195238,0.253012,0.55175
6928645,0.00134854,0.0319914,0.96666
6874105,0.00860447,0.283143,0.708253
6819576,0.0413739,0.320502,0.638124
6817538,0.00154839,0.114308,0.884144
6819741,0.535851,0.108753,0.355396
6878626,0.0975798,0.781533,0.120887
6901210,0.0199076,0.246783,0.733309
6888879,0.0473049,0.709957,0.242738
6888947,0.102685,0.71503,0.182286
6883374,6.84539e-06,0.00461734,0.995376
6836031,0.0102398,0.231328,0.758432
6851387,0.000632939,0.0363227,0.963044
6907149,0.0672584,0.176867,0.755875
6882595,0.105547,0.513177,0.381276
6816916,0.044185,0.626611,0.329204
6878470,0.000225122,0.00269863,0.997076
6865752,0.00186664,0.16102,0.837114
7217321,0.0579664,0.895904,0.0461299
6944366,0.0162782,0.904802,0.0789198
6918425,0.377362,0.56123,0.0614081
6821736,0.0146845,0.358209,0.627107
6936271,0.118224,0.730192,0.151584
6874179,0.30816,0.363444,0.328397
7135281,0.00168538,0.182463,0.815852
6942663,0.144743,0.721802,0.133455
6903026,0.105085,0.608395,0.28652
6824421,0.000841385,0.195961,0.803198
6820128,0.000528116,0.156538,0.842934
6850604,0.0272137,0.352193,0.620593
7120955,0.000585117,0.177137,0.822278
6847409,0.0212218,0.219486,0.759293
7056210,0.00436396,0.0912978,0.904338
6939935,0.000112484,0.00776342,0.992124
6844699,0.0241225,0.27259,0.703287
6833246,0.0254796,0.667076,0.307445
6845220,0.0915825,0.478928,0.429489
6824273,0.309559,0.44773,0.242711
6873326,0.179316,0.442525,0.378159
6941227,0.00457613,0.394349,0.601075
6899355,0.00190618,0.0281343,0.96996
6880235,0.188756,0.351382,0.459862
6850018,0.154377,0.266565,0.579059
6818489,0.0950904,0.352935,0.551975
7159592,0.0166766,0.32642,0.656904
7200711,0.168891,0.213189,0.61792
6842278,0.0274234,0.236105,0.736471
6829488,0.0121049,0.116915,0.87098
6916976,0.00163799,0.0292235,0.969139
6863573,0.0102459,0.821013,0.168741
6900303,1.02252e-05,0.35395,0.64604
6830686,0.0272238,0.814985,0.157792
7088285,0.178237,0.304682,0.517081
6875119,0.193033,0.43137,0.375597
6852969,0.0165655,0.137174,0.846261
6834964,5.96603e-05,0.0416408,0.9583
6888066,0.0516051,0.407193,0.541201
6862580,0.0316962,0.0641639,0.90414
6902903,0.0963287,0.850493,0.0531787
6940227,0.0235319,0.161342,0.815126
7094978,0.0258277,0.305148,0.669024
6849775,0.00538128,0.808675,0.185943
6852514,0.0673138,0.674443,0.258243
6908752,0.213992,0.367315,0.418693
6926813,0.00362325,0.133369,0.863008
6867168,0.0125043,0.0896053,0.89789
6916938,0.000187264,0.0157182,0.984095
7217282,0.00728266,0.992486,0.000231021
6830318,0.459029,0.22528,0.315691
6841129,0.170067,0.403232,0.426701
6933898,0.0996549,0.385506,0.514839
6852224,0.00426273,0.224005,0.771733
6855108,0.111166,0.529882,0.358951
6857681,0.0429492,0.785365,0.171686
7167282,0.000315431,0.0996559,0.900029
6939214,0.0215339,0.954126,0.02434
6922283,0.0325491,0.378914,0.588537
6859605,0.00192317,0.0252871,0.97279
6904148,0.0266867,0.0853347,0.887979
6882954,0.0899871,0.689888,0.220125
6939093,0.0010055,0.0104099,0.988585
6831383,0.000783075,0.213508,0.785709
6894471,0.000402898,0.590452,0.409145
6931008,0.0155805,0.419135,0.565285
6838588,0.0170848,0.124095,0.85882
6851730,0.00815761,0.0493521,0.94249
6911988,0.000472396,0.709502,0.290025
6814325,0.0573424,0.417162,0.525496
6838809,0.179664,0.419386,0.400951
6822777,0.0384598,0.575322,0.386218
6887378,0.0665783,0.408398,0.525024
6913098,0.000380737,0.0376512,0.961968
6936520,0.0406479,0.484013,0.475339
6837850,0.0486705,0.179142,0.772187
6918818,0.00247334,0.0751477,0.922379
6897497,0.000531646,0.00895105,0.990517
6936577,0.131884,0.300891,0.567225
6826594,0.10894,0.485756,0.405304
6865047,0.00157862,0.222414,0.776007
6823879,0.210838,0.323512,0.46565
6914868,0.716194,0.230049,0.0537567
6863654,0.000305686,0.00766246,0.992032
6907061,0.260746,0.295441,0.443814
7180725,0.020796,0.0910811,0.888123
7205244,0.0770651,0.456298,0.466636
6856962,0.279196,0.481349,0.239455
6885323,0.00840063,0.765299,0.226301
6912379,0.232329,0.590212,0.177459
6858148,0.0224841,0.101973,0.875543
6814582,0.00813555,0.401255,0.590609
6940703,0.0664265,0.375139,0.558435
7181144,0.0394571,0.154309,0.806234
6825868,0.0142294,0.0462858,0.939485
6889020,0.00977656,0.328153,0.66207
6869287,0.000955467,0.030699,0.968346
6871054,0.0826337,0.144927,0.772439
6870018,0.0179768,0.188363,0.79366
6895217,0.0105748,0.587165,0.40226
6855875,0.00422869,0.0243736,0.971398
7185369,0.040816,0.830141,0.129043
6848724,0.0904596,0.539607,0.369933
6912010,0.216975,0.524815,0.25821
6911483,0.0986562,0.193389,0.707955
6826557,0.0791608,0.314272,0.606567
6893666,0.000863793,0.0387783,0.960358
6946801,0.0340271,0.0400884,0.925885
6871189,0.00100518,0.0196774,0.979317
6844700,0.331792,0.396341,0.271866
6832474,0.000322423,0.0139085,0.985769
6922129,0.0463741,0.243639,0.709987
6941269,0.0204318,0.22919,0.750378
6850111,0.00583064,0.0783856,0.915784
6871721,0.00382085,0.0476496,0.948529
6834277,0.000143645,0.0218281,0.978028
6815020,0.022017,0.747266,0.230717
6839790,0.0402748,0.940023,0.0197018
6929149,0.0201327,0.567437,0.41243
6832299,0.150741,0.346056,0.503203
6908265,0.0039036,0.147525,0.848571
6819513,0.0543458,0.72029,0.225364
6922046,0.0114113,0.153041,0.835548
6911700,0.00809829,0.235278,0.756624
7132375,0.0210509,0.962501,0.0164485
6826330,0.0508036,0.306622,0.642574
6892358,0.081665,0.577573,0.340762
6844735,0.0819487,0.488162,0.429889
6830282,0.00157248,0.0715468,0.926881
6831883,0.00098811,0.0254884,0.973523
6861551,0.222297,0.501814,0.275889
6857472,0.00144078,0.110938,0.887621
6844170,0.105876,0.645856,0.248267
6870992,0.0104545,0.396874,0.592672
6824420,0.0178259,0.161099,0.821075
6842673,0.00806514,0.104034,0.887901
6870166,0.307697,0.307266,0.385036
6923521,0.0110727,0.214035,0.774892
6923067,0.188704,0.325491,0.485805
7102369,0.0654686,0.597247,0.337284
6918324,0.0222987,0.141254,0.836447
6875753,0.000188823,0.0400726,0.959739
6858106,0.226657,0.539315,0.234028
6945544,0.014875,0.584444,0.400682
6843762,1.09765e-05,0.000649023,0.99934
6916249,0.00366084,0.107631,0.888708
6881283,0.0288611,0.48034,0.490799
6905410,0.00192088,0.201391,0.796688
6892408,0.150226,0.71657,0.133204
6930990,0.0587298,0.825426,0.115844
6835400,0.00741811,0.0182,0.974382
6867680,0.0265334,0.338192,0.635274
6910555,0.0298607,0.212087,0.758052
7178838,0.0490023,0.239979,0.711018
6925050,0.0074078,0.58072,0.411872
6831230,0.129106,0.536962,0.333932
6884393,0.0201884,0.906214,0.0735976
6850763,0.0105442,0.455138,0.534318
6835259,0.000283671,0.00469177,0.995025
6878793,0.0205815,0.0152724,0.964146
6843709,0.0130139,0.213589,0.773397
6880861,0.209,0.318876,0.472124
6927246,0.0334718,0.205685,0.760844
6884364,0.0262119,0.706192,0.267596
6932934,0.0033256,0.238728,0.757946
6943694,0.687951,0.170274,0.141776
6831730,0.00103797,0.000256636,0.998705
6844928,0.0880725,0.701294,0.210633
6885511,0.0113094,0.652252,0.336438
6844807,0.205839,0.476451,0.31771
6817080,0.00184071,0.0626511,0.935508
6851413,0.02394,0.240706,0.735354
6918623,0.002715,0.07811,0.919175
6932080,0.376325,0.497594,0.126081
7117345,2.40345e-05,0.00690836,0.993068
6821425,0.00878517,0.0894155,0.901799
6924403,0.16701,0.137471,0.695519
6854123,8.60582e-06,0.00582822,0.994163
6852889,0.0718685,0.120433,0.807698
6866387,0.0179161,0.288833,0.693251
6858128,0.046615,0.379321,0.574065
6905129,0.0194814,0.974408,0.0061109
6932035,0.012704,0.152094,0.835202
6884265,0.0575826,0.642526,0.299892
6936966,0.0355369,0.511944,0.452519
6881098,0.000190126,0.0255938,0.974216
6869941,0.00430413,0.0628921,0.932804
6864713,0.00167084,0.0142492,0.98408
6905259,0.00559145,0.0655741,0.928834
6889865,0.0712986,0.402804,0.525898
6870562,0.030353,0.360829,0.608818
7124351,0.00651806,0.120442,0.87304
6857644,0.00277734,0.046174,0.951049
6891045,0.843129,0.10292,0.0539514
6929039,0.0058499,0.754578,0.239572
6916229,0.000183004,0.0129137,0.986903
6833556,0.386117,0.488154,0.125729
6838951,0.105458,0.612294,0.282248
6868487,0.0121234,0.0951162,0.89276
6869690,0.0355982,0.900353,0.0640492
6864005,0.218626,0.358673,0.422701
6923234,0.018982,0.664547,0.316471
6827182,0.100262,0.23369,0.666048
7146069,0.00916005,0.152001,0.838839
6890503,0.00239081,0.0688508,0.928758
6911066,0.098137,0.412458,0.489405
6876163,0.123027,0.274829,0.602144
6920433,0.0061941,0.448632,0.545174
6826987,0.678942,0.225076,0.0959814
6831058,0.000783809,0.669045,0.330171
6944184,0.00422402,0.0433341,0.952442
6868480,0.021169,0.160008,0.818823
7097198,0.0369673,0.310499,0.652534
6914595,0.00729434,0.121189,0.871516
6879535,0.0113509,0.712612,0.276037
6900971,0.00675884,0.0829867,0.910255
6878555,0.130464,0.470835,0.398701
6839324,0.0251419,0.921124,0.0537341
6819925,0.00420167,0.032544,0.963254
6839386,0.0237407,0.712425,0.263834
6825584,0.000473763,0.870621,0.128905
7201758,0.0428021,0.195551,0.761647
6864463,0.0572444,0.282247,0.660509
6815348,0.000644425,0.00957593,0.98978
6820756,0.223519,0.364151,0.41233
6858699,0.0366631,0.158439,0.804898
6843115,0.100818,0.25157,0.647612
6850824,0.000992811,0.0201689,0.978838
6937635,0.00245917,0.0541322,0.943409
6828911,0.0656414,0.448226,0.486133
7154618,0.0678483,0.31499,0.617162
6939143,0.120056,0.139628,0.740316
6823169,0.000298552,0.0279263,0.971775
6924844,0.0201618,0.904613,0.0752256
6815925,0.158738,0.790621,0.0506408
6947389,1.52018e-05,0.0379035,0.962081
7203267,0.391804,0.332315,0.275881
6825953,0.0475919,0.717602,0.234806
6833542,0.0907172,0.373839,0.535444
6854302,0.000690373,0.0347469,0.964563
6843122,0.357049,0.157009,0.485942
6851851,0.0897737,0.171919,0.738307
6879971,0.109914,0.593878,0.296208
7136227,0.000452417,0.0223225,0.977225
6925138,0.0016837,0.18169,0.816626
6875050,0.0230825,0.118013,0.858904
6935199,0.235318,0.377535,0.387147
6848027,0.230855,0.442407,0.326737
6904795,0.71056,0.0603927,0.229047
6818781,0.0163569,0.211635,0.772008
6871081,0.149095,0.492538,0.358368
6888945,0.0615667,0.453192,0.485241
6925993,0.00107015,0.0129796,0.98595
6928183,0.0781237,0.487357,0.434519
6847449,0.000225093,0.0230812,0.976694
6857762,0.0128656,0.285753,0.701382
6942172,0.000325621,0.0364018,0.963273
6916747,0.00708583,0.331487,0.661428
6813002,0.136735,0.137142,0.726124
6923932,2.00752e-06,0.000744048,0.999254
