listing_id,high,medium,low
7142618,0.00167276,0.797171,0.201156
7210040,0.065989,0.482812,0.451199
7103890,0.0141697,0.128058,0.857772
7143442,0.000862802,0.146959,0.852178
6860601,0.00785439,0.0285703,0.963575
6840081,3.48175e-05,0.00180991,0.998155
6922337,0.0122624,0.464642,0.523096
6913616,0.00100779,0.995585,0.00340751
6937820,0.00438375,0.64009,0.355526
6893933,0.00102026,0.280403,0.718576
6832604,4.93935e-05,0.00904699,0.990904
6915282,0.0112439,0.342093,0.646663
7127565,0.00134749,0.168783,0.829869
6827899,3.57721e-05,0.00208749,0.997877
6934855,4.82475e-05,0.00716166,0.99279
6861826,0.000655783,0.115055,0.884289
6871643,0.0793894,0.682857,0.237754
6842542,3.6184e-06,0.0142688,0.985728
6934145,0.000177869,0.0194015,0.980421
6829365,0.00556283,0.942456,0.0519813
7167858,0.014784,0.14281,0.842406
6859483,0.0014805,0.0729129,0.925607
6861377,0.00542329,0.137846,0.85673
6848960,0.00524906,0.0339423,0.960809
6918850,0.00111356,0.0488768,0.95001
6916867,0.0260485,0.901737,0.0722144
6895840,0.00192668,0.140083,0.85799
6813539,0.46236,0.372893,0.164746
7116900,0.000582398,0.0710792,0.928338
6890328,0.505626,0.183365,0.311009
6879406,0.0501962,0.0375339,0.91227
6824924,0.00230432,0.257999,0.739697
6911302,0.0253082,0.206911,0.767781
6918742,0.0226529,0.941261,0.036086
6910586,0.000888667,0.101685,0.897426
6821750,0.000657187,0.0909992,0.908344
6860647,0.00599651,0.948424,0.0455799
6932873,0.0115591,0.928448,0.0599932
6846053,0.00075096,0.0105624,0.988687
6940365,0.00694816,0.0384135,0.954638
6931867,0.000166222,0.0427199,0.957114
6876383,0.00791766,0.218793,0.773289
6910980,0.200039,0.644606,0.155355
6880877,0.128333,0.494614,0.377053
6839552,0.0130714,0.633585,0.353344
6838051,0.0387181,0.943331,0.017951
6928201,0.14877,0.529482,0.321749
6945608,0.204568,0.708702,0.0867297
6816147,0.00702286,0.230564,0.762413
6868129,0.0148209,0.0723937,0.912785
6849448,0.0269347,0.304421,0.668645
7113677,0.509642,0.320068,0.17029
6930856,0.0142214,0.041397,0.944382
6889594,0.272645,0.445001,0.282354
6842682,5.74402e-05,0.0409766,0.958966
6880366,0.005804,0.94181,0.0523864
6835063,0.000607028,0.0635182,0.935875
6820479,0.419221,0.496555,0.0842237
6882057,0.000491602,0.240274,0.759234
6834440,0.00413182,0.579192,0.416677
6880846,0.000174573,0.024932,0.974893
6847248,4.21968e-05,0.00224758,0.99771
6868368,1.22246e-05,0.00143713,0.998551
6943505,0.000315595,0.0360185,0.963666
7174304,0.0222974,0.228837,0.748865
6880747,0.0171359,0.0387816,0.944082
6933565,0.00849,0.119356,0.872154
6888511,0.0015527,0.0106947,0.987753
6942704,0.0308006,0.848359,0.120841
6840304,0.0024524,0.120727,0.87682
6856860,1.06725e-05,0.0253992,0.97459
6884921,0.000142364,0.0466054,0.953252
6937417,3.38843e-05,0.000583486,0.999383
6831129,0.000230616,0.00766947,0.9921
6936660,0.0676817,0.317182,0.615136
6940667,0.00226737,0.0759271,0.921806
7201307,9.33661e-08,9.39938e-06,0.99999
6825434,0.00047232,0.0340919,0.965436
6848114,0.23551,0.0950406,0.669449
6947758,0.63263,0.290568,0.076802
6897002,0.0688928,0.654903,0.276204
6926661,0.000173788,0.00805123,0.991775
6867411,0.0123633,0.499797,0.487839
6910154,0.00228247,0.237584,0.760134
7157900,0.00865502,0.517293,0.474052
6922324,0.00278007,0.0345298,0.96269
6863068,5.07472e-05,0.549957,0.449993
6912109,0.00872904,0.328207,0.663064
6918609,0.0273636,0.340534,0.632102
6889300,0.0548416,0.638876,0.306283
6837794,0.0156198,0.558464,0.425917
6943098,0.676603,0.14428,0.179117
6927601,0.00366904,0.0147851,0.981546
6897826,7.13635e-05,0.0423301,0.957599
6882892,0.00385832,0.00479277,0.991349
6873384,0.175198,0.552715,0.272086
6934693,0.000118438,0.0804334,0.919448
7224450,0.00089346,0.587315,0.411792
6898157,1.28949e-06,0.000176525,0.999822
6837355,2.00009e-05,0.00950555,0.990474
6830595,0.00915594,0.468069,0.522775
6943561,0.399903,0.54415,0.0559463
6844380,0.300249,0.36284,0.336912
6814286,0.00191649,0.0132088,0.984875
6898520,0.118547,0.621739,0.259714
6940979,0.0352425,0.943196,0.0215614
6851090,0.0448549,0.116443,0.838702
7107169,0.000242771,0.0771557,0.922601
6830287,0.0210331,0.332635,0.646332
6933575,0.0583755,0.705708,0.235916
6938972,0.0548958,0.558793,0.386311
6888315,1.1353e-05,0.00989938,0.990089
6855106,0.00892239,0.643353,0.347724
6838237,0.0231415,0.976492,0.000366971
6901024,0.0548569,0.198819,0.746324
6846627,9.68589e-05,0.0046223,0.995281
7219857,2.46378e-06,0.0007394,0.999258
6852685,0.00232678,0.772843,0.224831
6831610,0.00816572,0.254039,0.737796
6943538,0.0264326,0.481021,0.492546
6911637,0.000100644,0.00336948,0.99653
6854543,0.00383721,0.0492438,0.946919
6940451,0.0089866,0.286626,0.704388
6819530,0.104817,0.146363,0.74882
7093396,0.00070725,0.0673587,0.931934
6840326,0.000145718,0.00127365,0.998581
6834204,0.000114325,0.00999726,0.989888
6902518,0.0213952,0.812685,0.16592
6930253,0.0298794,0.441592,0.528529
6828293,0.00010886,0.018761,0.98113
7203744,0.754016,0.239281,0.00670288
6816478,0.019524,0.774418,0.206058
6868890,0.000963091,0.0917088,0.907328
6879338,0.0109511,0.703183,0.285866
6898532,0.00483587,0.223631,0.771534
6899965,0.0003466,0.0741868,0.925467
7133875,3.23751e-06,0.00562558,0.994371
6822218,0.000681799,0.0208121,0.978506
6814018,0.0547821,0.653382,0.291835
6896376,0.00884325,0.101788,0.889369
6918670,0.0263325,0.438158,0.53551
6867839,1.08975e-05,3.51959e-05,0.999954
6823554,1.64612e-05,0.000416417,0.999567
6934798,0.00122497,0.217831,0.780944
6820823,0.0758753,0.667369,0.256756
6880212,0.00264326,0.0339988,0.963358
6934814,0.000593066,0.0458545,0.953552
7254134,0.00280241,0.030204,0.966994
6938303,0.0837684,0.84621,0.0700213
6813807,0.00138969,0.491575,0.507036
6878604,0.000183736,0.000199932,0.999616
6876763,3.12979e-05,0.0257085,0.97426
6844352,5.1793e-05,0.0565984,0.94335
6915939,0.253948,0.308717,0.437335
7109370,0.00417033,0.175649,0.820181
6855445,0.000110547,0.00384992,0.99604
6818668,0.00964296,0.078447,0.91191
6836527,6.74863e-09,1.11008e-05,0.999989
6831717,0.00235793,0.0751598,0.922482
6937162,0.0191376,0.23112,0.749742
6922876,0.000153418,0.00947624,0.99037
7109482,0.0119101,0.548813,0.439277
6940972,0.000463774,0.0241068,0.975429
6883790,0.0798406,0.666505,0.253654
6921643,0.00238658,0.0342063,0.963407
6935700,1.76825e-05,0.00532206,0.99466
6827025,9.46024e-05,0.108783,0.891122
6943096,0.000269212,0.0352901,0.964441
7161468,0.000337792,0.0379362,0.961726
6879610,0.000184719,0.158925,0.840891
6935762,0.0102516,0.2674,0.722349
6925042,0.00249532,0.125629,0.871876
7121050,0.000107417,0.175077,0.824816
6821601,0.00850912,0.0672354,0.924256
6926810,0.000920427,0.0331759,0.965904
6946532,0.00112965,0.321216,0.677654
6875171,0.00144519,0.545847,0.452707
7096285,0.000639959,0.398958,0.600402
6812321,0.0116691,0.184273,0.804058
6822697,0.0863904,0.423669,0.489941
6941294,0.00574425,0.104237,0.890019
6873564,3.53039e-05,0.000101592,0.999863
6926791,0.00605803,0.55355,0.440392
7142444,0.518193,0.352073,0.129734
6878128,0.318062,0.678192,0.00374663
6927428,0.000183355,0.0109727,0.988844
6812674,8.47182e-06,0.000280416,0.999711
6881774,0.15926,0.661435,0.179305
7167797,4.4761e-05,0.00348363,0.996472
6865238,0.011408,0.334178,0.654414
6841710,0.0120573,0.185797,0.802145
6856334,8.67502e-05,0.000280988,0.999632
6906462,5.23667e-05,0.0246514,0.975296
6837438,0.0442842,0.298962,0.656754
6908277,0.0700886,0.502935,0.426976
6841291,0.0010325,0.50185,0.497117
6915178,0.0319674,0.258217,0.709816
6893031,0.0153822,0.702585,0.282033
6894985,0.236208,0.744535,0.0192573
6931134,0.0346372,0.236726,0.728637
6872264,0.819764,0.142442,0.0377947
6816953,0.00603442,0.988235,0.00573039
7163518,0.045526,0.584913,0.36956
6893253,0.00363059,0.283762,0.712608
6943822,0.00263885,0.0513752,0.945986
6946313,0.00968198,0.173444,0.816874
6839443,0.00172896,0.0276688,0.970602
6911338,0.0077061,0.304485,0.687809
7223877,0.458644,0.495033,0.0463227
6917884,0.000324972,0.691176,0.308499
6823126,0.000596045,0.00829484,0.991109
6939488,0.011838,0.700714,0.287448
7196924,0.030727,0.117281,0.851992
6905685,0.0254628,0.0782495,0.896288
6894092,0.000205338,0.00679858,0.992996
6812181,0.0010495,0.326546,0.672404
6854610,0.00818515,0.963678,0.0281368
6873754,0.00474991,0.0723425,0.922908
6859181,0.91834,0.0765332,0.00512671
6825402,1.68768e-06,0.00070213,0.999296
6819526,0.000225584,0.0244071,0.975367
6896065,4.01688e-07,0.00214031,0.997859
6931793,0.00775241,0.244713,0.747534
6907360,0.00138778,0.0108005,0.987812
6813182,0.00159177,0.0427591,0.955649
6823959,0.00727286,0.0741808,0.918546
6942189,0.284373,0.482015,0.233612
6844384,0.0180011,0.175131,0.806868
6836888,0.233051,0.690138,0.0768112
6917844,0.00187762,0.21365,0.784473
6937842,0.0687049,0.891653,0.0396424
6926917,0.00640195,0.112618,0.88098
7160740,0.00307595,0.825878,0.171046
6936310,0.000348557,0.068936,0.930715
6849109,0.0698504,0.722791,0.207358
6831018,4.7196e-07,0.000591789,0.999408
6909842,1.77861e-05,0.00664448,0.993338
6861360,7.66077e-06,0.0197861,0.980206
6883414,0.00261686,0.150658,0.846725
6876026,0.149665,0.818795,0.0315405
7095390,1.88114e-06,0.00458598,0.995412
6932265,0.788809,0.182409,0.0287817
6870949,0.0122728,0.15203,0.835697
6831335,0.00425242,0.121932,0.873816
6895698,0.376109,0.37879,0.245101
6889889,0.0601401,0.797749,0.142111
6876679,0.00108404,0.040336,0.95858
6947097,0.430094,0.238137,0.331769
6874970,0.000887725,0.0235152,0.975597
6831069,0.769106,0.21176,0.0191341
6833628,0.00216867,0.397854,0.599977
6819282,0.0271399,0.451726,0.521134
6825025,0.000270987,0.00300193,0.996727
6856513,0.025308,0.523253,0.451439
6928711,2.25203e-05,0.00668411,0.993293
6832548,0.00861479,0.863622,0.127764
6881870,0.00167772,0.0207515,0.977571
6866978,0.153105,0.439016,0.40788
7163400,0.0577115,0.612679,0.329609
6917187,0.230728,0.650085,0.119186
6927475,0.0092261,0.675007,0.315767
6903243,0.00592258,0.118113,0.875964
6876188,3.24641e-05,0.022027,0.977941
6922219,0.000318463,0.0894969,0.910185
7104085,0.00013313,0.0235069,0.97636
6920897,0.210812,0.297624,0.491564
6812177,0.00179304,0.793371,0.204836
6941047,0.0218507,0.633035,0.345114
6827609,2.04712e-05,0.0219525,0.978027
6934328,9.10768e-05,0.0329147,0.966994
6937556,0.133353,0.8467,0.0199465
6879765,0.0226973,0.873881,0.103421
6942927,6.13439e-05,0.00727728,0.992661
6945170,0.0594954,0.714918,0.225587
6901915,0.00237819,0.0971507,0.900471
6824475,0.00371653,0.0813802,0.914903
6832968,0.000436844,0.552992,0.446571
7166718,4.7252e-05,0.00845278,0.9915
6905079,0.00295215,0.105058,0.891989
6940297,0.163414,0.580073,0.256513
6911080,0.00675976,0.897323,0.0959172
6917208,0.00068272,0.131734,0.867583
6858925,0.00566787,0.707798,0.286534
7169883,0.141235,0.545579,0.313186
6944112,0.0477856,0.776011,0.176204
6885816,0.0174638,0.188338,0.794198
6837733,0.000466927,0.964287,0.0352464
6828658,0.00107947,0.00383639,0.995084
6839429,0.0157789,0.778054,0.206167
7164794,0.00383567,0.12679,0.869375
6837661,0.0610455,0.139372,0.799582
6883255,0.00362668,0.0215518,0.974822
6833054,0.000764918,0.272463,0.726772
7675463,0.00148998,0.0575961,0.940914
6871526,0.0135258,0.249476,0.736998
6876295,0.00138545,0.431177,0.567438
7204045,0.000169419,0.012445,0.987386
6840357,0.0117418,0.0375035,0.950755
6917531,0.000126249,0.0044038,0.99547
6886057,0.140783,0.852373,0.00684372
6833734,0.00317285,0.788893,0.207934
6908098,0.0156563,0.237682,0.746661
6860562,0.00170543,0.151308,0.846986
6859167,0.110214,0.809711,0.0800746
6812141,4.72367e-05,0.0441502,0.955803
6919431,8.84445e-05,0.0496228,0.950289
6869389,0.0026642,0.330948,0.666387
6906034,6.31792e-05,0.0108198,0.989117
7108495,0.000153792,0.0325807,0.967266
6864681,0.00021484,0.00967028,0.990115
6893982,0.000798607,0.059725,0.939476
6862160,0.00324124,0.33161,0.665149
6854804,0.0017844,0.405898,0.592318
7143164,0.000466652,0.177373,0.82216
6936651,0.0209442,0.0694341,0.909622
6837450,0.00358796,0.103029,0.893383
6908259,0.996153,0.00374968,9.76894e-05
6916539,0.00536903,0.0519794,0.942652
6947176,0.0487254,0.522399,0.428875
6933958,0.154635,0.778793,0.0665719
6816549,0.185018,0.576069,0.238913
6876117,0.00016019,0.0430037,0.956836
6848605,0.00666753,0.703632,0.2897
6840659,0.0034686,0.166657,0.829874
6823496,0.421307,0.167513,0.411179
6912609,2.40266e-07,0.00013635,0.999863
7097937,5.48852e-05,0.00247019,0.997475
6924524,0.0152522,0.0726151,0.912133
6938236,0.00502007,0.169821,0.825159
6865751,7.2442e-05,0.00148883,0.998439
6936323,0.000295931,0.0184381,0.981266
6868422,0.00560957,0.179497,0.814894
7210133,0.00144931,0.381422,0.617128
7215631,0.00171417,0.473027,0.525259
6940189,2.63646e-05,0.096172,0.903802
6888941,9.28583e-06,0.00603165,0.993959
6831598,0.00681975,0.838589,0.154591
6939963,0.000375445,0.0179199,0.981705
6897175,0.239111,0.469093,0.291795
6816167,0.00212598,0.177247,0.820627
6812965,0.0102718,0.771887,0.217842
7149372,0.411655,0.545592,0.0427531
6875959,0.000229701,0.0270956,0.972675
6925644,0.00585211,0.961433,0.0327144
6874269,0.00258914,0.986135,0.0112754
6814721,0.00278708,0.0597411,0.937472
6922432,0.0472731,0.340187,0.61254
6858861,0.000992465,0.0220959,0.976912
6835339,2.5458e-06,0.000403602,0.999594
6896997,0.0659091,0.905858,0.0282325
6921134,9.47936e-05,0.0182747,0.981631
6883685,0.104228,0.643616,0.252157
6911406,2.92487e-06,5.13172e-05,0.999946
6825733,0.434853,0.543476,0.0216712
6884462,0.228013,0.664933,0.107054
6858682,9.05337e-05,0.0369871,0.962922
6894013,0.335154,0.188076,0.47677
6856391,0.398617,0.479902,0.121481
6828064,1.00849e-06,0.00134758,0.998651
6817336,1.20934e-06,0.00177594,0.998223
6819178,0.00956594,0.388426,0.602008
7147339,0.00984173,0.0767001,0.913458
6887757,0.198353,0.744723,0.0569235
6946859,0.111733,0.331509,0.556758
6855963,0.00103306,0.0437329,0.955234
6839828,0.00443815,0.592024,0.403538
6870806,0.0434591,0.849716,0.106825
6880221,0.0566988,0.169497,0.773804
6921809,0.0283734,0.642096,0.32953
6897069,0.0306807,0.324958,0.644362
6897157,0.218225,0.311492,0.470282
6898912,0.000227348,0.136856,0.862916
6856271,0.0141542,0.218749,0.767097
6888381,2.22859e-05,0.00105455,0.998923
7099191,2.30584e-05,0.0044391,0.995538
6917882,0.242543,0.548801,0.208657
6931260,2.13261e-08,5.30305e-05,0.999947
6849996,0.00109801,0.139337,0.859565
6887973,0.0011066,0.0192849,0.979608
6850205,0.23807,0.339824,0.422106
6845657,0.000930478,0.013534,0.985536
6930302,0.168068,0.149683,0.682249
6852391,0.0468362,0.355345,0.597818
6920411,0.297619,0.443675,0.258707
6907999,0.000381392,0.0557549,0.943864
6864094,0.0091394,0.0437082,0.947152
6813852,0.00362945,0.0863273,0.910043
7232295,0.0670949,0.607802,0.325103
6896558,0.0100378,0.450421,0.539541
6858919,0.00314236,0.411086,0.585771
6847828,0.000242819,0.0115058,0.988251
6925116,0.030531,0.264109,0.70536
6854687,0.00719603,0.19961,0.793194
6946415,0.00622021,0.714302,0.279478
6827859,5.37053e-06,0.00612251,0.993872
6884313,0.0930353,0.773725,0.13324
6848651,0.00157362,0.257407,0.741019
7136298,0.0100779,0.314331,0.675591
6874534,0.0223972,0.295019,0.682584
6908942,0.238843,0.650359,0.110798
6894718,0.000115395,0.0319756,0.967909
6876449,0.0761614,0.0826115,0.841227
6825630,0.00161663,0.161285,0.837098
7155655,6.34356e-05,0.00436666,0.99557
7201310,0.00144738,0.0524321,0.946121
6864334,0.000153259,0.00890181,0.990945
6876658,0.000722464,0.0660314,0.933246
6842370,0.0687049,0.425772,0.505523
6835467,0.675775,0.298109,0.0261165
7227368,0.0133524,0.468105,0.518542
6859482,0.000932769,0.0960504,0.903017
6878641,0.000984443,0.0718455,0.92717
6869916,1.22011e-07,0.000277678,0.999722
6841060,0.00247564,0.0574973,0.940027
6887832,0.00025369,0.0233421,0.976404
6905898,0.000483806,0.0197634,0.979753
7104742,0.676901,0.282622,0.0404767
6948090,0.00277882,0.253261,0.743961
6839851,0.0121239,0.220889,0.766987
6934051,0.000743317,0.0210197,0.978237
6888727,0.0674928,0.811846,0.120661
7167478,0.00011977,0.0378127,0.962067
6892109,0.0588193,0.604234,0.336946
6908544,0.879077,0.111402,0.0095211
6921725,0.00898221,0.43457,0.556448
6932343,0.263433,0.285856,0.450711
6914309,0.000806528,0.0274247,0.971769
6919805,0.0659313,0.195343,0.738726
6947828,0.00118186,0.118267,0.880551
6920362,0.00513547,0.0990683,0.895796
7110179,0.386567,0.508179,0.105254
6877834,0.415801,0.219943,0.364256
6876966,0.0463755,0.182632,0.770993
6823918,0.00138815,0.0218659,0.976746
6871243,8.0049e-05,0.0369335,0.962986
6928189,0.0880476,0.66025,0.251703
6852455,0.0557453,0.27493,0.669325
7208631,0.00154819,0.182043,0.816409
6831811,0.0166786,0.560774,0.422548
6904276,1.34275e-05,0.000656612,0.99933
6831589,0.00937156,0.158614,0.832014
6901814,0.00329618,0.823243,0.17346
6854667,0.510764,0.484708,0.0045284
7192650,0.000112672,0.0108904,0.988997
6836299,0.000315494,0.0504383,0.949246
6887919,3.11226e-05,0.0273132,0.972656
6927679,0.0140997,0.41844,0.56746
6855908,0.0557151,0.197837,0.746448
6854766,0.00442153,0.0369734,0.958605
6847472,0.0053374,0.898056,0.096607
6862519,0.00683124,0.175518,0.817651
6938819,0.0317096,0.249493,0.718797
6945434,0.176716,0.318473,0.504811
6832722,0.636183,0.186202,0.177615
6852707,0.00299189,0.273268,0.72374
7177680,0.0119773,0.308043,0.67998
6834945,8.47267e-06,0.000715102,0.999276
6890316,0.000229639,0.0412836,0.958487
6816620,1.90996e-05,0.000434058,0.999547
6945175,9.18012e-05,0.0214419,0.978466
6914016,0.00302137,0.0840036,0.912975
6852619,0.00895311,0.221908,0.769139
6813211,0.0282875,0.184584,0.787128
6820546,0.00366354,0.144703,0.851633
6836128,0.000489648,0.0417719,0.957738
6850557,0.00154626,0.973629,0.0248244
6864997,0.00169575,0.00533042,0.992974
6883705,0.00167425,0.096002,0.902324
6898767,3.68645e-05,0.000915311,0.999048
6866020,0.000829076,0.363384,0.635787
7126382,0.780046,0.11478,0.105175
6847427,0.0473269,0.436195,0.516478
6841013,0.000873621,0.0269131,0.972213
6909469,7.08805e-06,0.00593478,0.994058
6922473,7.33721e-05,0.0242886,0.975638
6925906,0.0753374,0.356034,0.568628
6946014,0.0138644,0.528469,0.457667
6820739,0.00103356,0.279747,0.719219
6927559,0.096657,0.677795,0.225548
7174772,4.20394e-05,0.000350869,0.999607
6931036,0.00780678,0.488438,0.503756
6918163,0.00827542,0.116427,0.875298
6893604,0.488921,0.341357,0.169722
6868844,0.0219311,0.056375,0.921694
6814537,0.200575,0.774977,0.0244478
6916118,1.34062e-05,0.00873329,0.991253
6838509,0.0481774,0.553451,0.398372
6919725,0.0463201,0.637906,0.315774
6932476,7.94398e-08,7.63095e-05,0.999924
6860496,0.0180172,0.190324,0.791659
7156799,0.036295,0.868358,0.095347
6837521,0.00275931,0.122472,0.874769
6913204,0.0415988,0.484821,0.47358
6947516,0.0141289,0.239507,0.746364
6838117,0.00167322,0.215342,0.782984
6933366,0.000338447,0.147043,0.852619
7134198,0.000158899,0.0965579,0.903283
6898450,0.000320917,0.705329,0.294351
6819926,0.0422983,0.733468,0.224234
6947698,0.00293942,0.105081,0.89198
6838721,5.93384e-05,0.000795562,0.999145
6936661,0.0613423,0.783236,0.155421
6912257,0.00911126,0.230968,0.759921
6905569,0.00136647,0.0203077,0.978326
6927167,0.413885,0.253059,0.333056
7150689,0.000100213,0.00911998,0.99078
6820358,0.00160511,0.201845,0.79655
6945045,0.0386143,0.870327,0.0910591
6866884,0.00807609,0.0784016,0.913522
6820658,0.00349406,0.0409543,0.955552
6826462,0.000530764,0.844086,0.155383
6932390,0.00144285,0.0789014,0.919656
6905031,0.00277592,0.0798348,0.917389
6923011,7.76002e-05,0.0402624,0.95966
6908504,0.0691003,0.219008,0.711892
6881050,0.00629614,0.217882,0.775822
6892968,0.000199413,0.0704873,0.929313
7346996,0.0242091,0.285162,0.690629
6876206,0.00320445,0.0111717,0.985624
6813475,0.0116149,0.892559,0.0958262
7190057,0.00227177,0.0115793,0.986149
6838465,0.0047311,0.851568,0.143701
6899364,0.0326152,0.262687,0.704697
6891616,1.45313e-07,0.000136825,0.999863
6836715,0.000312736,0.0154794,0.984208
6829616,0.00563686,0.181364,0.812999
6829144,0.0152751,0.412353,0.572372
6893064,0.00228908,0.0319455,0.965765
6861300,0.000393586,0.0455776,0.954029
6926847,0.00158355,0.308446,0.689971
6894021,0.000194107,0.0734706,0.926335
6897946,0.00263168,0.0388857,0.958483
6835716,5.61743e-05,0.809893,0.19005
6832160,0.168294,0.727719,0.103987
6835291,0.0087596,0.0798756,0.911365
6945184,1.18664e-06,0.0038166,0.996182
7140488,0.0296899,0.265162,0.705148
6937850,9.24613e-05,0.941223,0.0586846
6899603,0.000100324,0.235982,0.763918
6903105,0.0231599,0.0650655,0.911775
6828476,0.000513946,0.210874,0.788612
6835098,0.00043042,0.0136544,0.985915
6830512,0.0148746,0.0903983,0.894727
6879997,0.0368599,0.071754,0.891386
7131517,0.00147926,0.809238,0.189282
6835955,0.0168345,0.871527,0.111639
6875250,0.000717313,0.0311043,0.968178
6932794,0.00796808,0.351122,0.64091
6948263,0.0193459,0.0660094,0.914645
6867201,0.0820104,0.794497,0.123493
6882748,0.00967851,0.189117,0.801205
6902842,0.00968014,0.966265,0.0240549
6847535,0.000581831,0.0845997,0.914818
6825267,0.000428692,0.0169435,0.982628
6909277,1.15194e-06,0.000776038,0.999223
7152429,0.0941458,0.768511,0.137343
6931179,6.50988e-06,0.00174369,0.99825
6896746,0.0148402,0.967273,0.0178871
6937073,2.21181e-05,0.000132714,0.999845
6934627,3.61675e-06,0.000104573,0.999892
6887878,0.0228368,0.268581,0.708582
6921531,0.0019922,0.0796214,0.918386
6897461,0.0004498,0.039245,0.960305
6862066,0.000976799,0.143084,0.855939
6851531,0.0106768,0.200419,0.788904
6928550,0.00182649,0.0220232,0.97615
6945851,0.00382324,0.151163,0.845014
6946955,1.56368e-05,0.000696814,0.999288
6869136,0.00235737,0.956272,0.041371
6908667,0.00895967,0.733755,0.257285
6820525,0.00487945,0.131733,0.863387
6887970,0.00979232,0.573176,0.417032
6848365,0.00142615,0.140113,0.858461
6816173,2.91433e-05,0.00269569,0.997275
6900732,3.64193e-06,0.000322356,0.999674
6815786,0.0832154,0.468065,0.448719
6945972,0.0171158,0.368936,0.613948
6848445,0.00361818,0.0581173,0.938264
6856486,0.0298503,0.242378,0.727771
6867010,0.000128075,0.207856,0.792016
6828257,0.285289,0.0309267,0.683784
6871807,0.00357709,0.393314,0.603109
7212966,1.94217e-07,9.93698e-05,0.9999
6889959,0.000726142,0.170094,0.82918
6915510,0.000529174,0.0689354,0.930535
6905402,0.00112413,0.737184,0.261692
6826100,0.0079397,0.436546,0.555514
6848893,0.0350496,0.296168,0.668783
7155647,0.00724219,0.0375474,0.95521
6812883,0.0256103,0.893529,0.0808609
6866095,5.02187e-05,0.0561322,0.943818
6931127,7.5619e-05,0.0170469,0.982877
6829407,0.000108611,0.0994027,0.900489
6867548,0.455741,0.345026,0.199233
7132575,0.0539461,0.655718,0.290336
6890847,4.05678e-05,0.00481818,0.995141
6916429,0.00267686,0.0708018,0.926521
6884716,0.968617,0.0311998,0.000182746
6896897,0.302145,0.205304,0.492552
6941572,0.00650729,0.0698849,0.923608
6945277,0.0207139,0.590358,0.388928
7133293,0.000695311,0.199608,0.799697
7213385,7.96287e-06,0.00587956,0.994112
6831928,0.00398166,0.687405,0.308613
6932687,0.000329929,0.108047,0.891623
6873877,0.00528558,0.461185,0.533529
7135459,0.322358,0.436166,0.241476
6876620,2.66999e-06,0.000252627,0.999745
6936163,2.23616e-05,0.0105554,0.989422
6912398,0.0132217,0.293461,0.693318
6917655,0.000826589,0.218457,0.780717
6941149,0.000158122,0.00298031,0.996862
6941378,0.00769572,0.247523,0.744782
6882453,7.7668e-05,0.17137,0.828553
7119160,0.00194535,0.0505088,0.947546
6868451,0.0108896,0.607813,0.381297
6945881,0.0104861,0.412948,0.576566
6822541,1.3864e-06,0.000104962,0.999894
6884355,0.00246165,0.133165,0.864373
7132247,0.00299678,0.25581,0.741194
6872049,0.0131941,0.182762,0.804044
6890740,0.000165448,0.00433379,0.995501
6840897,0.00869324,0.573245,0.418061
6847694,0.01458,0.398732,0.586688
6938196,0.000752866,0.0137677,0.985479
6939526,0.00461425,0.189877,0.805508
6917529,0.000506462,0.0171575,0.982336
6885636,0.000710291,0.0501966,0.949093
7202614,0.000267335,0.0446614,0.955071
6926453,0.00391923,0.298647,0.697434
6844636,0.170152,0.586261,0.243588
6879293,0.543595,0.232968,0.223437
6924780,0.0521692,0.880223,0.0676077
6881024,0.0553085,0.198697,0.745995
6851374,0.0408267,0.491692,0.467481
6850953,0.00989689,0.0407226,0.94938
6892292,4.44585e-07,0.00330795,0.996692
6886159,9.29882e-05,0.00584671,0.99406
6849877,0.0106523,0.622433,0.366915
6940840,0.00375234,0.0992455,0.897002
6926838,0.013015,0.308,0.678985
6879243,0.704945,0.213796,0.0812583
6944286,1.36694e-05,0.0560821,0.943904
6915587,0.478619,0.495411,0.0259703
6881904,0.0683746,0.321912,0.609714
7154358,0.0103377,0.0152589,0.974403
6899258,0.00426848,0.192471,0.80326
6855460,0.0388526,0.916107,0.0450408
6864884,0.00705905,0.156607,0.836334
6868209,0.00509075,0.468025,0.526884
6853834,0.040756,0.545162,0.414082
7210020,0.000279402,0.892637,0.107084
6933228,0.000312599,0.0188373,0.98085
6929227,0.0366306,0.0497671,0.913602
7192346,0.0287619,0.362406,0.608832
6928834,1.71232e-06,0.000754485,0.999244
6812269,0.000632968,0.055114,0.944253
6851446,0.000426022,0.00748296,0.992091
6930820,1.35375e-05,0.00139648,0.99859
6875310,0.0388213,0.764461,0.196718
6932397,0.00212833,0.385973,0.611899
6904291,2.21301e-05,0.00800432,0.991974
6921642,0.00247756,0.571662,0.42586
7136057,0.0572656,0.256543,0.686191
6920815,0.000530353,0.0504481,0.949022
6861757,0.228983,0.65391,0.117107
6934222,0.526097,0.378074,0.0958295
6946448,0.004603,0.0187044,0.976693
6890569,0.135066,0.23275,0.632185
6884477,0.00601303,0.529776,0.464211
7145006,1.22835e-06,0.00733934,0.99266
6893718,9.09388e-05,0.0229056,0.977003
6893330,0.00692785,0.148953,0.844119
6901780,4.97373e-06,0.000985544,0.999009
6815738,0.0523698,0.655857,0.291773
6917209,0.00233333,0.0562791,0.941388
6904227,2.23279e-05,0.000608604,0.999369
6894402,3.123e-06,0.0186546,0.981342
7146083,0.0290498,0.230603,0.740347
6902153,0.000431912,0.0308303,0.968738
6925988,0.003223,0.342023,0.654754
6881323,2.73314e-06,0.000325478,0.999672
6937405,0.0653076,0.00265277,0.93204
7098390,0.0417172,0.8595,0.0987833
6935942,0.261137,0.600506,0.138357
6833510,0.00448904,0.3414,0.654111
6812857,0.0189024,0.38061,0.600487
6828441,0.0199728,0.650523,0.329504
6915711,0.122889,0.613181,0.26393
6880643,0.0270557,0.958232,0.0147126
7224930,0.0307745,0.46377,0.505455
6852614,1.33684e-06,0.0124987,0.9875
6853816,0.000129145,0.0756489,0.924222
6811964,0.533551,0.351431,0.115018
6847800,5.55887e-05,0.00317757,0.996767
6859897,0.00367839,0.915382,0.0809392
6882929,4.5907e-06,0.00225933,0.997736
7157584,5.0377e-05,0.0106598,0.98929
6863444,0.000850889,0.0125541,0.986595
6836902,9.7567e-06,0.0250922,0.974898
6918960,0.0617901,0.612667,0.325543
6882854,0.0321504,0.390784,0.577065
6822755,5.47386e-06,4.85086e-05,0.999946
6815184,0.0118583,0.373463,0.614679
6846582,0.00968368,0.0863232,0.903993
6940309,9.17456e-05,0.0309548,0.968953
6924056,0.00160363,0.137368,0.861028
6824481,0.000633957,0.147706,0.85166
6839735,0.00140203,0.0251623,0.973436
6900130,0.0590435,0.488801,0.452155
6946739,0.000556208,0.0314617,0.967982
7144008,0.00099891,0.0166544,0.982347
6863751,2.89164e-05,0.000140933,0.99983
6820293,0.029466,0.482967,0.487567
6818472,0.000357458,0.289858,0.709784
6832420,0.0887561,0.161446,0.749798
6879450,3.30694e-06,0.000899569,0.999097
6943618,0.026084,0.676096,0.29782
6883463,0.00549432,0.181825,0.812681
6834919,0.0580217,0.935505,0.0064736
7505696,0.00250596,0.0820541,0.91544
6903645,0.00235532,0.124693,0.872952
6831148,0.302617,0.188586,0.508797
6828948,0.00111639,0.808649,0.190235
6878495,0.000720393,0.0680746,0.931205
6924862,1.55735e-05,0.00707929,0.992905
6887802,0.00025141,0.037165,0.962584
6903228,0.463806,0.515437,0.0207564
6947415,3.58331e-07,0.000162457,0.999837
6941508,0.18855,0.520098,0.291351
6856111,0.00580286,0.31328,0.680917
7126808,0.000153446,0.0278077,0.972039
6939857,0.000218234,0.107559,0.892223
6822528,0.900343,0.0357687,0.0638885
6947631,0.0606203,0.444406,0.494974
6887810,9.06599e-05,0.00402665,0.995883
6849210,0.0184944,0.675277,0.306228
6901742,4.26595e-07,0.00500652,0.994993
6850925,0.00397185,0.990505,0.00552358
7181995,0.00405915,0.182036,0.813904
6841559,4.16514e-05,0.00135638,0.998602
6822957,0.00109873,0.0461496,0.952752
6943349,0.00182748,0.200649,0.797524
6923825,0.0774284,0.204991,0.71758
6871218,0.136064,0.474016,0.38992
6932761,0.207532,0.776778,0.0156901
7168983,0.00356923,0.232848,0.763583
6853713,0.0392704,0.828235,0.132494
6814124,0.000881988,0.229611,0.769507
6828980,1.42511e-05,0.0471155,0.95287
6939747,0.000766129,0.0890192,0.910215
6862615,0.00431328,0.723779,0.271907
6911182,7.82957e-05,0.0129493,0.986972
6947421,0.0229605,0.107431,0.869609
7163662,1.12086e-05,0.000548969,0.99944
6933362,0.0347341,0.508532,0.456734
6822086,0.021022,0.132518,0.84646
6939543,0.0252717,0.910395,0.0643331
6882675,0.0321653,0.590996,0.376838
6925986,6.15741e-06,0.00157925,0.998415
6927417,0.117574,0.660689,0.221737
6824119,0.0154985,0.0563441,0.928157
6923589,0.0154817,0.562006,0.422513
7205380,2.14554e-06,0.00109183,0.998906
6904992,0.00486299,0.0158193,0.979318
6857676,0.00756872,0.810726,0.181705
6942001,0.024004,0.886019,0.0899768
7187800,0.00461976,0.0344493,0.960931
6877985,0.00409875,0.962409,0.0334926
6821414,0.0302012,0.244049,0.725749
6864512,3.69024e-05,0.00858354,0.99138
6827448,3.55632e-05,0.100415,0.899549
6908603,0.000137314,0.00336139,0.996501
7229431,0.000406294,0.152241,0.847352
6887335,0.00091558,0.0163377,0.982747
6882828,0.0332199,0.633353,0.333427
6899958,0.00908867,0.31746,0.673451
6824008,0.000391701,0.0282192,0.971389
6903906,0.00679197,0.0718954,0.921313
7115894,0.0185533,0.840582,0.140865
6941723,0.00363253,0.156647,0.839721
6839785,0.0349055,0.609525,0.355569
6886776,4.90307e-05,0.00418254,0.995768
6916643,6.26893e-05,0.0331501,0.966787
6913846,0.00065959,0.0473017,0.952039
6890122,0.00188802,0.0931513,0.904961
6835099,6.1782e-05,0.00263572,0.997302
6945428,0.0145934,0.266478,0.718928
6887669,0.000427696,0.214219,0.785353
6935132,5.19183e-06,0.000445738,0.999549
6857587,0.00228546,0.0344142,0.9633
6935498,0.00254341,0.26606,0.731396
6947868,0.0202553,0.901859,0.0778856
6850003,0.0200946,0.686433,0.293473
6852354,0.313205,0.169735,0.51706
6919832,0.00522221,0.222001,0.772777
6812510,0.000229455,0.0591801,0.94059
6896715,0.168842,0.479723,0.351435
7227507,0.000249999,0.0818133,0.917937
6887453,0.00600215,0.068868,0.92513
6921056,0.00156277,0.0273193,0.971118
6932635,0.251758,0.556609,0.191633
6893393,0.00051011,0.0557801,0.94371
6940659,0.0477016,0.247055,0.705243
6891517,0.000710168,0.025676,0.973614
6818991,0.000816671,0.196289,0.802894
6899307,0.00203032,0.493584,0.504386
7175517,0.000660359,0.0368757,0.962464
6895415,0.00103142,0.0301944,0.968774
6945124,0.0229867,0.270187,0.706826
6878796,0.0195216,0.424055,0.556424
6901435,0.00577848,0.0735984,0.920623
7098987,0.242737,0.12123,0.636034
6868925,0.0137033,0.177577,0.80872
6862452,0.157023,0.804672,0.0383046
6904865,3.42153e-05,0.082336,0.91763
6872445,0.00404355,0.231827,0.76413
6816856,0.00619896,0.0857035,0.908098
6910410,7.32088e-06,0.00846417,0.991529
6847518,0.0121434,0.690613,0.297243
6860992,0.00144953,0.117835,0.880716
7093387,0.00047056,0.122013,0.877516
6891540,0.0338503,0.0877615,0.878388
6928645,6.03801e-05,0.0210566,0.978883
6874105,0.000105837,0.00584222,0.994052
6819576,0.00337822,0.226355,0.770267
6817538,9.31884e-05,0.00860634,0.991301
6819741,0.37286,0.304006,0.323135
6878626,0.019577,0.699113,0.28131
6901210,0.00455857,0.0981847,0.897257
6888879,0.00453316,0.335851,0.659616
6888947,0.00247756,0.571662,0.42586
6883374,5.10185e-07,0.000223791,0.999776
6836031,0.000627919,0.150117,0.849255
6851387,8.20558e-06,0.000847372,0.999144
6907149,0.0199359,0.0536768,0.926387
6882595,0.180408,0.383618,0.435974
6816916,0.0110069,0.162105,0.826888
6878470,3.1291e-07,0.000128621,0.999871
6865752,0.00284967,0.224239,0.772912
7217321,0.206333,0.775045,0.0186216
6944366,0.0222082,0.69964,0.278152
6918425,0.226093,0.753288,0.0206195
6821736,6.40062e-05,0.134386,0.86555
6936271,0.332756,0.612837,0.0544072
6874179,0.0418438,0.221314,0.736842
7135281,2.10668e-05,0.0490607,0.950918
6942663,0.0838416,0.521465,0.394693
6903026,0.251421,0.218238,0.530341
6824421,0.000348138,0.15478,0.844872
6820128,8.38737e-05,0.117561,0.882355
6850604,0.00636799,0.32179,0.671842
7120955,5.40986e-06,0.0038223,0.996172
6847409,0.0029647,0.160775,0.83626
7056210,3.31324e-05,0.0177104,0.982256
6939935,5.73815e-06,5.29491e-05,0.999941
6844699,0.00495578,0.253278,0.741766
6833246,0.00382973,0.257949,0.738221
6845220,0.0476881,0.646608,0.305704
6824273,0.08076,0.597952,0.321288
6873326,0.145757,0.44708,0.407163
6941227,0.000435427,0.115947,0.883617
6899355,8.97985e-05,0.00344228,0.996468
6880235,0.187579,0.525343,0.287078
6850018,0.0259109,0.377306,0.596783
6818489,0.0387855,0.257974,0.70324
7159592,0.00893944,0.356118,0.634942
7200711,0.0498953,0.344427,0.605677
6842278,0.000480983,0.0514834,0.948036
6829488,0.00126182,0.233755,0.764983
6916976,2.20588e-05,0.00015269,0.999825
6863573,0.00136617,0.637234,0.3614
6900303,6.65608e-05,0.0384634,0.96147
6830686,0.0122006,0.894259,0.0935401
7088285,0.0218829,0.256011,0.722106
6875119,0.0836289,0.42989,0.486481
6852969,0.00163564,0.00889334,0.989471
6834964,3.45353e-05,0.0130872,0.986878
6888066,0.00430924,0.400235,0.595455
6862580,0.000989331,0.0221693,0.976841
6902903,0.183852,0.73207,0.0840784
6940227,0.00940426,0.088741,0.901855
7094978,0.0050571,0.158347,0.836596
6849775,0.0133953,0.777727,0.208877
6852514,0.00360375,0.128945,0.867451
6908752,0.0479967,0.257458,0.694546
6926813,0.000679717,0.0660918,0.933228
6867168,0.000192711,0.0201821,0.979625
6916938,2.85096e-06,0.00499202,0.995005
7217282,0.00792164,0.991804,0.000274837
6830318,0.0992205,0.0259452,0.874834
6841129,0.0262917,0.467927,0.505781
6933898,0.0100131,0.459793,0.530194
6852224,0.000344712,0.154198,0.845457
6855108,0.0245912,0.915038,0.0603704
6857681,0.0385607,0.831997,0.129442
7167282,1.81533e-05,0.00748007,0.992502
6939214,0.0556741,0.680568,0.263758
6922283,0.00159691,0.021705,0.976698
6859605,4.4898e-05,0.00171991,0.998235
6904148,0.00260689,0.0136526,0.983741
6882954,0.0423929,0.885708,0.0718993
6939093,3.11077e-05,0.00700496,0.992964
6831383,2.97125e-05,0.018831,0.981139
6894471,3.88504e-05,0.197529,0.802432
6931008,0.009809,0.039091,0.9511
6838588,0.0149868,0.215503,0.76951
6851730,0.000159411,0.00535198,0.994489
6911988,4.87846e-05,0.439293,0.560658
6814325,0.0119712,0.149564,0.838465
6838809,0.013736,0.297093,0.689171
6822777,0.00512511,0.145857,0.849018
6887378,0.0497019,0.294756,0.655542
6913098,2.21195e-05,0.0250223,0.974955
6936520,0.0530919,0.473441,0.473467
6837850,0.00711045,0.0834065,0.909483
6918818,3.52205e-05,0.0630932,0.936872
6897497,4.61199e-05,0.00741482,0.992539
6936577,0.0916123,0.158549,0.749839
6826594,0.0418626,0.662407,0.29573
6865047,0.000439259,0.0409149,0.958646
6823879,0.242808,0.529345,0.227846
6914868,0.812463,0.177437,0.0101002
6863654,1.13462e-05,0.00118981,0.998799
6907061,0.0444416,0.204151,0.751407
7180725,0.0142676,0.111015,0.874717
7205244,0.0637208,0.110171,0.826109
6856962,0.212474,0.372343,0.415183
6885323,0.00296102,0.0469273,0.950112
6912379,0.934212,0.0242249,0.041563
6858148,0.00640499,0.075423,0.918172
6814582,0.0497428,0.384989,0.565268
6940703,0.0308846,0.444678,0.524438
7181144,0.217696,0.0613192,0.720985
6825868,0.00837317,0.0792163,0.912411
6889020,0.000139482,0.0655059,0.934355
6869287,8.07303e-06,0.00399037,0.996002
6871054,0.0560893,0.225651,0.718259
6870018,0.00783846,0.474907,0.517254
6895217,0.00165312,0.231826,0.766521
6855875,0.000785816,0.0171505,0.982064
7185369,0.00106556,0.957498,0.041436
6848724,0.0476305,0.645309,0.30706
6912010,0.185998,0.577385,0.236617
6911483,0.0270367,0.646084,0.32688
6826557,0.0177394,0.159344,0.822917
6893666,2.63546e-06,0.0075507,0.992447
6946801,0.0016495,0.0232583,0.975092
6871189,0.000115308,0.010699,0.989186
6844700,0.133541,0.572235,0.294224
6832474,2.75145e-05,0.00421333,0.995759
6922129,0.00365966,0.290372,0.705968
6941269,0.00116044,0.0241855,0.974654
6850111,0.00235443,0.0571394,0.940506
6871721,0.000631941,0.0123919,0.986976
6834277,9.52529e-06,0.000898104,0.999092
6815020,0.00894756,0.948098,0.042954
6839790,0.000961814,0.994208,0.00483065
6929149,0.000647215,0.130996,0.868357
6832299,0.0867224,0.259408,0.65387
6908265,0.000624797,0.144641,0.854734
6819513,0.00155708,0.0584153,0.940028
6922046,0.0021573,0.0833884,0.914454
6911700,0.000349694,0.018926,0.980724
7132375,0.0196148,0.958303,0.0220821
6826330,0.126263,0.203647,0.67009
6892358,0.056046,0.779627,0.164327
6844735,0.103033,0.49256,0.404408
6830282,6.15599e-05,0.00393431,0.996004
6831883,1.87587e-06,0.0011509,0.998847
6861551,0.507011,0.283208,0.209781
6857472,2.02011e-05,0.00549663,0.994483
6844170,0.0175391,0.809843,0.172618
6870992,0.00334159,0.0320129,0.964645
6824420,0.0201941,0.221566,0.758239
6842673,0.00272944,0.0237575,0.973513
6870166,0.276592,0.191304,0.532104
6923521,0.00215489,0.141456,0.856389
6923067,0.0655789,0.466978,0.467443
7102369,0.0146902,0.746819,0.238491
6918324,0.000296316,0.00567846,0.994025
6875753,1.94469e-07,0.00251547,0.997484
6858106,0.0989716,0.667293,0.233735
6945544,0.0020785,0.155868,0.842053
6843762,4.83744e-07,0.000119279,0.99988
6916249,0.000145544,0.207198,0.792657
6881283,0.00167076,0.268003,0.730326
6905410,0.00267579,0.0777912,0.919533
6892408,0.175763,0.499936,0.324301
6930990,0.119255,0.639912,0.240832
6835400,0.000173392,0.00289948,0.996927
6867680,0.000729203,0.0818303,0.91744
6910555,0.00144451,0.0641291,0.934426
7178838,0.00166492,0.0928591,0.905476
6925050,0.00273078,0.193479,0.80379
6831230,0.237827,0.378186,0.383988
6884393,0.0306856,0.888028,0.0812864
6850763,0.00261866,0.860938,0.136443
6835259,1.81436e-05,0.00104617,0.998936
6878793,0.00213375,0.000311387,0.997555
6843709,0.00154773,0.0730898,0.925362
6880861,0.020157,0.071243,0.9086
6927246,0.00282367,0.0531404,0.944036
6884364,0.0739956,0.432243,0.493761
6932934,0.00186157,0.0456749,0.952464
6943694,0.744912,0.161608,0.09348
6831730,2.88142e-05,0.000174499,0.999797
6844928,0.0460407,0.760593,0.193367
6885511,0.0168578,0.217292,0.76585
6844807,0.030904,0.248445,0.720651
6817080,3.2438e-06,0.000400834,0.999596
6851413,0.00955353,0.138285,0.852161
6918623,0.000735598,0.0922835,0.906981
6932080,0.201704,0.703236,0.0950601
7117345,1.57709e-07,0.000135398,0.999864
6821425,0.00159266,0.066007,0.9324
6924403,0.0455065,0.128242,0.826252
6854123,9.75932e-07,3.22097e-05,0.999967
6852889,0.0113532,0.0766915,0.911955
6866387,0.00202297,0.211716,0.786261
6858128,0.00964022,0.0464016,0.943958
6905129,0.0103492,0.972796,0.0168546
6932035,0.0013776,0.165768,0.832855
6884265,0.0158641,0.878069,0.106068
6936966,0.000354579,0.619458,0.380188
6881098,1.90711e-06,0.00432281,0.995675
6869941,0.000296866,0.016751,0.982952
6864713,0.000110131,0.00242069,0.997469
6905259,0.00102843,0.0258401,0.973132
6889865,0.0356185,0.2265,0.737881
6870562,0.00348447,0.432894,0.563621
7124351,0.00077577,0.0976267,0.901598
6857644,0.00135063,0.03072,0.967929
6891045,0.673586,0.101135,0.22528
6929039,0.00472945,0.70991,0.28536
6916229,4.45677e-06,0.00668824,0.993307
6833556,0.243367,0.575162,0.181471
6838951,0.0183603,0.827548,0.154091
6868487,0.00195919,0.0560146,0.942026
6869690,0.0346665,0.844681,0.120652
6864005,0.0997179,0.388553,0.51173
6923234,0.0255231,0.0484139,0.926063
6827182,0.00162985,0.00995543,0.988415
7146069,0.00682387,0.304465,0.688711
6890503,5.82367e-05,0.00325759,0.996684
6911066,0.0297741,0.212094,0.758132
6876163,0.0606786,0.259214,0.680107
6920433,0.000175707,0.448023,0.551801
6826987,0.689274,0.209144,0.101582
6831058,0.000182886,0.77502,0.224797
6944184,0.000263701,0.0080001,0.991736
6868480,0.0174737,0.241579,0.740947
7097198,0.0289274,0.359589,0.611483
6914595,0.000791994,0.0451541,0.954054
6879535,0.00128508,0.729019,0.269696
6900971,2.68238e-05,0.0147347,0.985238
6878555,0.0713019,0.258443,0.670255
6839324,0.013409,0.966978,0.0196129
6819925,0.00249699,0.0173606,0.980142
6839386,0.000214461,0.413094,0.586692
6825584,0.000441322,0.512625,0.486933
7201758,0.00805196,0.245389,0.746559
6864463,0.0247654,0.371684,0.603551
6815348,0.000156965,0.0027785,0.997065
6820756,0.0348183,0.522069,0.443113
6858699,0.00921554,0.050972,0.939812
6843115,0.0323489,0.0838863,0.883765
6850824,0.00104575,0.0561844,0.94277
6937635,4.17888e-05,0.00569694,0.994261
6828911,0.0069737,0.693224,0.299802
7154618,0.0387457,0.406795,0.554459
6939143,0.0164209,0.0322769,0.951302
6823169,6.05506e-06,0.00534122,0.994653
